Time	keytime	time-time	keypress	target id	target_lon	target_lat	target_x	target_y	target_z	hmd_rx	hmd_ry	hmd_rz	
1198.175	12.96271	1196.459	0	2						0	0	0	
1198.206	12.99417	1196.491	0	2						0	0	0	
1198.237	13.02574	1196.522	0	2						0	0	0	
1198.270	13.05902	1196.556	0	2						0	0	0	
1198.304	13.09244	1196.589	0	2						0	0	0	
1198.356	13.14392	1196.641	0	2						0	0	0	
1198.388	13.17727	1196.674	0	2						0	0	0	
1198.420	13.20924	1196.706	0	2						0	0	0	
1198.454	13.24219	1196.739	0	2						0	0	0	
1198.487	13.27579	1196.772	0	2						0	0	0	
1198.555	13.34269	1196.839	0	2						0	0	0	
1198.588	13.37566	1196.872	0	2						0	0	0	
1198.621	13.41023	1196.907	0	2						0	0	0	
1198.654	13.44223	1196.939	0	2						0	0	0	
1198.687	13.47565	1196.972	0	2						0	0	0	
1198.720	13.50923	1197.006	0	2						0	0	0	
1198.754	13.54273	1197.039	0	2						0	0	0	
1198.787	13.57578	1197.072	0	2						0	0	0	
1198.820	13.60882	1197.105	0	2						0	0	0	
1198.868	13.65635	1197.153	0	2						0	0	0	
1198.890	13.67844	1197.175	0	2						0	0	0	
1198.922	13.71079	1197.207	0	2						0	0	0	
1198.955	13.74279	1197.239	0	2						0	0	0	
1198.990	13.77728	1197.274	0	2						0	0	0	
1199.026	13.81359	1197.31	0	2						0	0	0	
1199.054	13.84299	1197.34	0	2						0	0	0	
1199.089	13.8768	1197.373	0	2						0	0	0	
1199.121	13.90932	1197.406	0	2						0	0	0	
1199.157	13.94527	1197.442	0	2						0	0	0	
1199.187	13.97601	1197.473	0	2						0	0	0	
1199.223	14.01131	1197.508	0	2						0	0	0	
1199.263	14.05123	1197.548	0	2						0	0	0	
1199.288	14.07642	1197.573	0	2						0	0	0	
1199.320	14.10908	1197.606	0	2						0	0	0	
1199.354	14.1428	1197.639	0	2						0	0	0	
1199.404	14.19209	1197.689	0	2						0	0	0	
1199.437	14.22561	1197.722	0	2						0	0	0	
1199.470	14.25858	1197.755	0	2						0	0	0	
1199.503	14.29204	1197.789	0	2						0	0	0	
1199.536	14.32522	1197.822	0	2						0	0	0	
1199.570	14.35942	1197.856	0	2						0	0	0	
1199.603	14.39179	1197.888	0	2						0	0	0	
1199.637	14.42582	1197.922	0	2						0	0	0	
1199.670	14.45897	1197.956	0	2						0	0	0	
1199.706	14.49415	1197.991	0	2						0	0	0	
1199.737	14.52585	1198.022	0	2						0	0	0	
1199.770	14.55917	1198.056	0	2						0	0	0	
1199.803	14.59169	1198.088	0	2						0	0	0	
1199.855	14.64339	1198.14	0	2						0	0	0	
1199.888	14.67617	1198.173	0	2						0	0	0	
1199.921	14.70969	1198.206	0	2						0	0	0	
1199.953	14.74239	1198.239	0	2						0	0	0	
1199.988	14.77642	1198.273	0	2						0	0	0	
1200.019	14.80817	1198.305	0	2						0	0	0	
1200.052	14.84159	1198.338	0	2						0	0	0	
1200.087	14.87489	1198.371	0	2						0	0	0	
1200.119	14.90833	1198.405	0	2						0	0	0	
1200.152	14.94182	1198.438	0	2						0	0	0	
1200.187	14.97526	1198.472	0	2						0	0	0	
1200.219	15.00828	1198.505	0	2						0	0	0	
1200.254	15.04341	1198.54	0	2						0	0	0	
1200.287	15.07512	1198.572	0	2						0	0	0	
1200.319	15.108	1198.604	0	2						0	0	0	
1200.354	15.14202	1198.639	0	2						0	0	0	
1200.387	15.17552	1198.672	0	2						0	0	0	
1200.420	15.20834	1198.705	0	2						0	0	0	
1200.454	15.2428	1198.739	0	2						0	0	0	
1200.488	15.27542	1198.772	0	2						0	0	0	
1200.521	15.30929	1198.806	0	2						0	0	0	
1200.554	15.34276	1198.839	0	2						0	0	0	
1200.587	15.37589	1198.872	0	2						0	0	0	
1200.620	15.40865	1198.905	0	2						0	0	0	
1200.653	15.44158	1198.938	0	2						0	0	0	
1200.686	15.47488	1198.971	0	2						0	0	0	
1200.719	15.5087	1199.005	0	2						0	0	0	
1200.752	15.54144	1199.038	0	2						0	0	0	
1200.792	15.58063	1199.077	0	2						0	0	0	
1200.819	15.60796	1199.104	0	2						0	0	0	
1200.853	15.64211	1199.139	0	2						0	0	0	
1200.886	15.67483	1199.171	0	2						0	0	0	
1200.936	15.72487	1199.221	0	2						0	0	0	
1200.972	15.76012	1199.257	0	2						0	0	0	
1201.003	15.79146	1199.288	0	2						0	0	0	
1201.038	15.82625	1199.323	0	2						0	0	0	
1201.069	15.85798	1199.354	0	2						0	0	0	
1201.121	15.90871	1199.405	0	2						0	0	0	
1201.188	15.9578	1199.454	0	2						0	0	0	
1201.220	16.00799	1199.505	0	2						0	0	0	
1201.253	16.04128	1199.538	0	2						0	0	0	
1201.286	16.07446	1199.571	0	2						0	0	0	
1201.319	16.10836	1199.605	0	2						0	0	0	
1201.354	16.14288	1199.639	0	2						0	0	0	
1201.386	16.17475	1199.671	0	2						0	0	0	
1201.419	16.20769	1199.704	0	2						0	0	0	
1201.452	16.24161	1199.738	0	2						0	0	0	
1201.487	16.27584	1199.772	0	2						0	0	0	
1201.519	16.30848	1199.805	0	2						0	0	0	
1201.554	16.34244	1199.839	0	2						0	0	0	
1201.605	16.39268	1199.889	0	2						0	0	0	
1201.653	16.44193	1199.938	0	2						0	0	0	
1201.686	16.47479	1199.971	0	2						0	0	0	
1201.719	16.5078	1200.004	0	2						0	0	0	
1201.752	16.54149	1200.038	0	2						0	0	0	
1201.786	16.57484	1200.071	0	2						0	0	0	
1201.819	16.60728	1200.104	0	2						0	0	0	
1201.852	16.64106	1200.138	0	2						0	0	0	
1201.888	16.67595	1200.172	0	2						0	0	0	
1201.918	16.70736	1200.204	0	2						0	0	0	
1201.952	16.74126	1200.238	0	2						0	0	0	
1201.985	16.77416	1200.271	0	2						0	0	0	
1202.018	16.80721	1200.304	0	2						0	0	0	
1202.052	16.8407	1200.337	0	2						0	0	0	
1202.085	16.87424	1200.371	0	2						0	0	0	
1202.119	16.90753	1200.404	0	2						0	0	0	
1202.152	16.9406	1200.437	0	2						0	0	0	
1202.186	16.97382	1200.47	0	2						0	0	0	
1202.219	17.0077	1200.504	0	2						0	0	0	
1202.252	17.04065	1200.537	0	2						0	0	0	
1202.286	17.07441	1200.571	0	2						0	0	0	
1202.319	17.1073	1200.604	0	2						0	0	0	
1202.353	17.14124	1200.638	0	2						0	0	0	
1202.386	17.17405	1200.671	0	2						0	0	0	
1202.420	17.20872	1200.705	0	2						0	0	0	
1202.451	17.24055	1200.737	0	2						0	0	0	
1202.485	17.2738	1200.77	0	2						0	0	0	
1202.518	17.30695	1200.803	0	2						0	0	0	
1202.551	17.34041	1200.837	0	2						0	0	0	
1202.585	17.37362	1200.87	0	2						0	0	0	
1202.618	17.40691	1200.903	0	2						0	0	0	
1202.651	17.44031	1200.937	0	2						0	0	0	
1202.685	17.47361	1200.97	0	2						0	0	0	
1202.719	17.50693	1201.003	0	2						0	0	0	
1202.752	17.54036	1201.037	0	2						0	0	0	
1202.785	17.57364	1201.07	0	2						0	0	0	
1202.818	17.60697	1201.104	0	2						0	0	0	
1202.851	17.64013	1201.137	0	2						0	0	0	
1202.885	17.67379	1201.17	0	2						0	0	0	
1202.918	17.70698	1201.203	0	2						0	0	0	
1202.953	17.7415	1201.238	0	2						0	0	0	
1202.985	17.77345	1201.27	0	2						0	0	0	
1203.018	17.80691	1201.303	0	2						0	0	0	
1203.051	17.8405	1201.337	0	2						0	0	0	
1203.087	17.87554	1201.372	0	2						0	0	0	
1203.120	17.90872	1201.405	0	2						0	0	0	
1203.162	17.95046	1201.447	0	2						0	0	0	
1203.186	17.97428	1201.471	0	2						0	0	0	
1203.220	18.0085	1201.505	0	2						0	0	0	
1203.268	18.05673	1201.553	0	2						0	0	0	
1203.301	18.0902	1201.587	0	2						0	0	0	
1203.335	18.12351	1201.62	0	2						0	0	0	
1203.385	18.17351	1201.67	0	2						0	0	0	
1203.418	18.20661	1201.703	0	2						0	0	0	
1203.451	18.24013	1201.737	0	2						0	0	0	
1203.484	18.27338	1201.77	0	2						0	0	0	
1203.520	18.3083	1201.805	0	2						0	0	0	
1203.551	18.34	1201.837	0	2						0	0	0	
1203.585	18.37335	1201.87	0	2						0	0	0	
1203.618	18.40666	1201.903	0	2						0	0	0	
1203.651	18.43983	1201.936	0	2						0	0	0	
1203.684	18.47301	1201.97	0	2						0	0	0	
1203.718	18.50669	1202.003	0	2						0	0	0	
1203.751	18.53999	1202.036	0	2						0	0	0	
1203.784	18.57299	1202.07	0	2						0	0	0	
1203.818	18.60641	1202.103	0	2						0	0	0	
1203.851	18.63963	1202.136	0	2						0	0	0	
1203.884	18.67345	1202.17	0	2						0	0	0	
1203.918	18.70668	1202.203	0	2						0	0	0	
1203.951	18.73979	1202.236	0	2						0	0	0	
1203.984	18.77295	1202.27	0	2						0	0	0	
1204.018	18.80654	1202.303	0	2						0	0	0	
1204.053	18.84154	1202.338	0	2						0	0	0	
1204.084	18.87303	1202.37	0	2						0	0	0	
1204.117	18.90651	1202.403	0	2						0	0	0	
1204.151	18.93947	1202.436	0	2						0	0	0	
1204.184	18.97283	1202.469	0	2						0	0	0	
1204.217	19.00629	1202.503	0	2						0	0	0	
1204.250	19.03954	1202.536	0	2						0	0	0	
1204.284	19.07274	1202.569	0	2						0	0	0	
1204.318	19.10643	1202.603	0	2						0	0	0	
1204.351	19.13963	1202.636	0	2						0	0	0	
1204.384	19.17311	1202.67	0	2						0	0	0	
1204.418	19.20649	1202.703	0	2						0	0	0	
1204.451	19.23938	1202.736	0	2						0	0	0	
1204.484	19.27288	1202.769	0	2						0	0	0	
1204.523	19.31076	1202.807	0	2						0	0	0	
1204.551	19.33971	1202.836	0	2						0	0	0	
1204.586	19.37466	1202.871	0	2						0	0	0	
1204.618	19.40623	1202.903	0	2						0	0	0	
1204.671	19.4579	1202.954	0	2						0	0	0	
1204.701	19.48968	1202.986	0	2						0	0	0	
1204.734	19.52276	1203.019	0	2						0	0	0	
1204.768	19.55627	1203.053	0	2						0	0	0	
1204.801	19.58946	1203.086	0	2						0	0	0	
1204.834	19.62284	1203.119	0	2						0	0	0	
