Time	keytime	target	cy	hy	
10.848	4.595129	0	-0.08215332	23.36188	
10.873	4.619629	0	-0.08816528	23.35618	
10.894	4.641031	0	-0.1460571	23.37121	
10.915	4.662302	0	-0.1536865	23.35586	
10.935	4.6816	0	-0.08584595	23.3653	
10.964	4.711425	0	-0.05072021	23.36051	
10.987	4.734784	0	-0.06326294	23.35675	
11.005	4.752348	0	-0.05932617	23.3746	
11.025	4.77252	0	-0.05578613	23.35805	
11.044	4.791436	0	-0.06356812	23.36115	
11.062	4.808861	0	-0.06002808	23.35653	
11.083	4.830192	0	-0.05215454	23.3602	
11.102	4.84903	0	-0.06350708	23.35513	
11.128	4.874633	0	-0.0508728	23.36573	
11.148	4.895637	0	-0.04586792	23.35552	
11.168	4.915625	0	-0.02972412	23.36171	
11.188	4.935172	0	-0.02151489	23.36004	
11.210	4.95738	0	-0.009124756	23.36664	
11.229	4.976732	0	-0.003635127	23.36949	
11.249	4.996484	0	0.004230833	23.37148	
11.270	5.016233	0	0.01889278	23.36033	
11.296	5.04283	0	0.02959332	23.36852	
11.318	5.064856	0	0.04941746	23.36365	
11.339	5.086508	0	0.05036444	23.35612	
11.357	5.104877	0	0.05530449	23.36503	
11.375	5.122725	0	0.05594939	23.36217	
11.396	5.143824	0	0.06650691	23.35783	
11.415	5.162402	0	0.05384568	23.357	
11.434	5.181692	0	0.05237713	23.36071	
11.476	5.22335	0	0.03689799	23.35723	
11.496	5.243661	0	0.009202636	23.35857	
11.520	5.267297	0	-0.007324219	23.36451	
11.542	5.289973	0	-0.02151489	23.35693	
11.562	5.30883	0	-0.07675171	23.35789	
11.582	5.329167	0	-0.1411438	23.36619	
11.604	5.350782	0	-0.2721252	23.36983	
11.628	5.375611	0	-0.3117676	23.35459	
11.649	5.396004	0	-0.3499451	23.36461	
11.669	5.415717	0	-0.4689636	23.36547	
11.687	5.434641	0	-0.5965271	23.36984	
11.706	5.453369	0	-0.8240967	23.36269	
11.729	5.475838	0	-1.118042	23.35889	
11.750	5.496745	0	-1.457245	23.36411	
11.771	5.5184	0	-1.950256	23.35872	
11.797	5.544954	0	-2.289734	23.35783	
11.820	5.566806	0	-3.032257	23.36997	
11.839	5.58704	0	-3.23764	23.36102	
11.859	5.606779	0	-3.368286	23.36747	
11.879	5.626328	0	-3.437073	23.36228	
11.898	5.645401	0	-3.42038	23.35339	
11.917	5.664037	0	-3.287567	23.35002	
11.935	5.682642	0	-3.274628	23.34627	
11.964	5.711788	0	-3.203003	23.34785	
11.988	5.734523	0	-3.239777	23.34307	
12.008	5.755213	0	-3.367004	23.33963	
12.026	5.773375	0	-3.506958	23.34024	
12.048	5.794683	0	-3.661682	23.33838	
12.067	5.813881	0	-3.931519	23.3352	
12.088	5.835528	0	-3.986786	23.3119	
12.117	5.863468	0	-4.114777	23.29466	
12.138	5.885068	0	-4.087006	23.28893	
12.157	5.904487	0	-4.039612	23.2997	
12.178	5.92524	0	-3.817444	23.30196	
12.199	5.946085	0	-3.532349	23.30677	
12.234	5.980716	0	-3.040558	23.30251	
12.256	6.003507	0	-2.22287	23.30215	
12.286	6.032162	0	-1.505127	23.3092	
12.305	6.05284	0	-0.6143799	23.29382	
12.324	6.072141	0	0.3328598	23.30666	
12.344	6.091038	0	0.9912021	23.29486	
12.362	6.109152	0	1.649762	23.31183	
12.383	6.130109	0	2.278817	23.29909	
12.403	6.149956	0	3.250252	23.29571	
12.425	6.172255	0	3.7864	23.29548	
12.451	6.198407	0	4.504393	23.29877	
12.473	6.220824	0	5.192815	23.30502	
12.493	6.240699	0	5.88098	23.30015	
12.515	6.262131	0	6.24111	23.29317	
12.535	6.281502	0	6.899174	23.31274	
12.555	6.302017	0	7.233379	23.29501	
12.576	6.322987	0	7.642688	23.29333	
12.607	6.354558	0	8.194078	23.30035	
12.628	6.375634	0	8.521686	23.30212	
12.648	6.39531	0	8.61276	23.30682	
12.668	6.414713	0	8.433724	23.31091	
12.687	6.434731	0	8.273716	23.30676	
12.707	6.453549	0	7.980365	23.30683	
12.728	6.475081	0	7.431523	23.29577	
12.758	6.504677	0	7.09647	23.29678	
12.778	6.524636	0	6.156896	23.30728	
12.797	6.543955	0	5.473684	23.30561	
12.816	6.562609	0	4.420412	23.31025	
12.837	6.584427	0	3.617966	23.30428	
12.857	6.604795	0	2.672742	23.29853	
12.877	6.623864	0	0.9911606	23.30891	
12.896	6.643306	0	-0.3122253	23.30037	
12.924	6.671631	0	-1.636719	23.29696	
12.945	6.691743	0	-4.967224	23.30647	
12.963	6.709916	0	-6.904175	23.29987	
13.003	6.749205	0	-9.793884	23.30771	
13.023	6.770311	0	-13.87247	23.29216	
13.042	6.789882	0	-17.01556	23.30858	
13.063	6.809784	0	-19.30054	23.29696	
13.092	6.839149	0	-21.39587	23.31293	
13.110	6.857831	0	-25.19385	23.2963	
13.130	6.877554	0	-26.76157	23.2934	
13.152	6.89944	0	-28.60464	23.30401	
13.176	6.923121	0	-29.60117	23.30922	
13.196	6.943136	0	-30.53677	23.3074	
13.215	6.961874	0	-31.16165	23.29739	
13.243	6.99018	0	-31.4281	23.30921	
13.262	7.009377	0	-31.62152	23.30861	
13.281	7.027962	0	-31.63287	23.29449	
13.302	7.048916	0	-31.60736	23.30663	
13.321	7.068659	0	-31.48526	23.30544	
13.342	7.089345	0	-31.25708	23.30771	
13.361	7.108029	0	-31.0166	23.30021	
13.381	7.128265	0	-30.70609	23.31709	
13.410	7.156931	0	-30.09982	23.29549	
13.430	7.177081	0	-29.34467	23.30232	
13.450	7.197004	0	-28.48877	23.31755	
13.470	7.216566	0	-27.92535	23.29933	
13.488	7.235807	0	-27.38495	23.29505	
13.508	7.254846	0	-26.52121	23.29096	
13.528	7.275185	0	-25.98755	23.30466	
13.549	7.296341	0	-25.46249	23.3067	
13.577	7.324183	0	-24.58054	23.29407	
13.601	7.347241	0	-23.63605	23.29747	
13.624	7.371324	0	-22.58423	23.28728	
13.645	7.392229	0	-21.53778	23.28863	
13.665	7.412259	0	-20.81113	23.28513	
13.686	7.433682	0	-19.7009	23.28472	
13.709	7.456947	0	-18.86469	23.27886	
13.738	7.484808	0	-17.48782	23.27847	
13.776	7.523265	0	-16.02863	23.29087	
13.796	7.543077	0	-13.32587	23.27661	
13.816	7.563165	0	-12.2605	23.27571	
13.836	7.582927	0	-10.66666	23.29495	
13.855	7.602515	0	-9.549805	23.27752	
13.874	7.621981	0	-8.421204	23.28944	
13.901	7.64839	0	-6.966583	23.28145	
13.922	7.668363	0	-5.548645	23.28225	
13.940	7.686566	0	-4.822357	23.2842	
13.961	7.707742	0	-3.892792	23.28556	
13.981	7.727643	0	-3.370544	23.28804	
14.000	7.747281	0	-2.55896	23.28501	
14.018	7.765641	0	-2.652252	23.29576	
14.041	7.788124	0	-2.598724	23.28475	
14.068	7.815144	0	-2.897461	23.29423	
14.089	7.835844	0	-3.543823	23.28828	
14.109	7.856634	0	-4.337036	23.28753	
14.129	7.876234	0	-4.754089	23.28252	
14.150	7.896581	0	-5.389771	23.28079	
14.170	7.917389	0	-6.085815	23.29302	
14.187	7.934202	0	-6.480103	23.28069	
14.211	7.958309	0	-6.869934	23.29014	
14.239	7.985995	0	-7.2789	23.27635	
14.258	8.005098	0	-7.41217	23.27093	
14.276	8.023298	0	-7.323334	23.2879	
14.296	8.043683	0	-7.179535	23.2801	
14.318	8.064967	0	-6.869843	23.27775	
14.337	8.084189	0	-6.305084	23.28343	
14.356	8.103547	0	-5.940369	23.2784	
14.375	8.122165	0	-5.341888	23.2686	
14.404	8.152105	0	-4.451416	23.29178	
14.424	8.170962	0	-2.897675	23.28209	
14.442	8.18929	0	-2.057098	23.28328	
14.461	8.208541	0	-1.208557	23.27661	
14.480	8.227361	0	-0.2080994	23.28866	
14.499	8.246288	0	1.312702	23.296	
14.520	8.266912	0	2.376357	23.28411	
14.554	8.301515	0	4.381076	23.27476	
14.579	8.326923	0	5.512698	23.27259	
14.604	8.350562	0	6.530082	23.27569	
14.624	8.371579	0	7.119721	23.28008	
14.643	8.390135	0	7.981685	23.27963	
14.662	8.409481	0	8.034587	23.29171	
14.680	8.427798	0	8.288981	23.28006	
14.705	8.452426	0	8.683603	23.28792	
14.731	8.478287	0	8.796619	23.2871	
14.755	8.502409	0	8.562321	23.2928	
14.774	8.520996	0	8.134521	23.29003	
14.794	8.541264	0	7.530324	23.29125	
14.813	8.560352	0	6.790771	23.28493	
14.835	8.581817	0	6.021259	23.28277	
14.855	8.601829	0	5.461736	23.29005	
14.874	8.62141	0	4.737782	23.29873	
14.900	8.647686	0	4.247001	23.28752	
14.922	8.669063	0	3.209013	23.27525	
14.940	8.686932	0	2.52838	23.28454	
14.960	8.707547	0	1.992609	23.28154	
14.978	8.725665	0	1.323313	23.28767	
14.999	8.746387	0	0.5959126	23.29366	
15.021	8.768559	0	-0.5449829	23.28747	
15.040	8.787572	0	-1.638062	23.28971	
15.067	8.813599	0	-2.524658	23.27872	
15.090	8.837003	0	-4.091187	23.28325	
15.110	8.8568	0	-5.522705	23.28049	
15.129	8.876906	0	-6.335083	23.28096	
15.150	8.897064	0	-7.841675	23.27911	
15.168	8.915607	0	-8.990326	23.27846	
15.185	8.932636	0	-10.14841	23.28529	
15.207	8.954865	0	-11.18069	23.27228	
15.240	8.986897	0	-12.93713	23.28306	
15.261	9.007563	0	-15.25739	23.28674	
15.279	9.026606	0	-16.62875	23.27771	
15.313	9.060309	0	-18.87238	23.27452	
15.335	9.081653	0	-22.15668	23.27876	
15.353	9.100251	0	-23.80392	23.27758	
15.370	9.117482	0	-25.32663	23.28252	
15.395	9.142999	0	-27.06616	23.28119	
15.419	9.166056	0	-30.22198	23.28127	
15.437	9.183455	0	-31.80478	23.27286	
15.455	9.20296	0	-33.20471	23.28483	
15.479	9.225118	0	-35.64371	23.28683	
15.500	9.246686	0	-37.3436	23.27883	
15.521	9.268237	0	-39.62305	23.27377	
15.547	9.294573	0	-41.55423	23.28413	
15.571	9.317775	0	-43.13507	23.27165	
15.592	9.33917	0	-44.00183	23.28125	
15.611	9.358704	0	-44.92139	23.28596	
15.632	9.378443	0	-45.16644	23.28222	
15.651	9.398062	0	-45.13602	23.28156	
15.672	9.419017	0	-44.82388	23.27265	
15.695	9.442928	0	-44.4184	23.28155	
15.717	9.463702	0	-43.16534	23.27999	
15.738	9.484857	0	-42.46954	23.26859	
15.759	9.506029	0	-41.40479	23.28014	
15.781	9.527614	0	-40.44009	23.28644	
15.802	9.54852	0	-38.8136	23.28674	
15.821	9.56856	0	-37.48398	23.29894	
15.840	9.587914	0	-36.2692	23.29461	
15.869	9.616007	0	-33.94858	23.28571	
15.890	9.636435	0	-31.43033	23.27919	
15.908	9.655252	0	-28.46738	23.29252	
15.928	9.675077	0	-26.2778	23.28413	
15.946	9.693641	0	-24.06799	23.27897	
15.965	9.711932	0	-20.51108	23.27157	
15.986	9.732821	0	-18.15097	23.27312	
16.004	9.751479	0	-15.75302	23.28361	
16.030	9.777654	0	-13.34048	23.28773	
16.063	9.79819	0	-8.836914	23.27618	
16.086	9.83269	0	-4.832001	23.27822	
16.103	9.850491	0	-3.189819	23.27399	
16.122	9.86955	0	-1.442474	23.27457	
16.140	9.887872	0	0.8565192	23.26562	
16.161	9.908504	0	2.35924	23.25305	
16.188	9.935059	0	3.839245	23.25782	
16.209	9.956349	0	6.759707	23.27007	
16.229	9.975845	0	8.088477	23.27095	
16.250	9.996721	0	9.244477	23.26967	
16.273	10.01959	0	10.56486	23.26786	
16.292	10.03881	0	11.38127	23.26428	
16.311	10.05862	0	11.74604	23.26858	
16.340	10.0878	0	11.91106	23.27518	
16.359	10.10681	0	11.97179	23.2756	
16.379	10.12647	0	11.83526	23.26906	
16.402	10.14923	0	11.37122	23.28636	
16.421	10.16825	0	10.94949	23.27925	
16.439	10.18667	0	10.49869	23.28247	
16.456	10.20313	0	9.870632	23.27066	
16.480	10.22699	0	9.293457	23.27066	
16.509	10.25679	0	8.597062	23.27521	
16.530	10.27717	0	7.009335	23.2755	
16.553	10.30009	0	5.530327	23.28158	
16.573	10.32	0	4.461928	23.281	
16.594	10.34094	0	2.942268	23.28064	
16.616	10.36314	0	1.785213	23.27335	
16.637	10.38445	0	-0.08251953	23.2887	
16.663	10.41011	0	-1.51712	23.28105	
16.683	10.43093	0	-4.396698	23.27469	
16.703	10.45056	0	-6.006165	23.2878	
16.723	10.47074	0	-7.602478	23.27358	
16.744	10.49069	0	-9.799927	23.28093	
16.767	10.51426	0	-11.10657	23.29035	
16.786	10.53334	0	-12.90671	23.27034	
16.805	10.55277	0	-13.9483	23.28889	
16.853	10.6001	0	-15.32886	23.29214	
16.873	10.62021	0	-16.37158	23.29278	
16.894	10.64086	0	-16.28848	23.292	
16.914	10.6607	0	-16.15659	23.29316	
16.934	10.68033	0	-16.14832	23.29572	
16.954	10.70156	0	-16.0582	23.29303	
16.973	10.71999	0	-16.3443	23.28909	
16.999	10.74675	0	-16.57565	23.28333	
17.021	10.76843	0	-17.013	23.28849	
17.041	10.78841	0	-17.10953	23.29642	
17.061	10.80849	0	-17.06039	23.27813	
17.083	10.82906	0	-16.82288	23.28171	
17.102	10.84877	0	-15.89099	23.27254	
17.122	10.86909	0	-15.13184	23.28718	
17.142	10.88939	0	-14.06903	23.28531	
17.170	10.91722	0	-13.34573	23.27304	
17.188	10.93487	0	-12.25992	23.28665	
17.210	10.95702	0	-11.81332	23.28221	
17.228	10.97569	0	-11.33536	23.28851	
17.248	10.99587	0	-11.17886	23.29419	
17.271	11.01862	0	-11.07336	23.30096	
17.291	11.03806	0	-10.99719	23.29306	
17.310	11.0575	0	-10.71567	23.30268	
17.338	11.08548	0	-10.12039	23.29539	
17.361	11.10749	0	-8.354706	23.29792	
17.384	11.13134	0	-7.578247	23.29501	
17.402	11.14941	0	-6.785339	23.30071	
17.425	11.17182	0	-6.322968	23.30003	
17.444	11.19068	0	-5.166016	23.29378	
17.464	11.21142	0	-4.564484	23.29639	
17.493	11.24063	0	-5.007874	23.30103	
17.516	11.26324	0	-6.866425	23.28684	
17.536	11.28253	0	-9.592255	23.30622	
17.556	11.30268	0	-11.31281	23.30141	
17.576	11.32281	0	-13.58484	23.30127	
17.596	11.34317	0	-14.84201	23.30156	
17.635	11.38195	0	-16.56146	23.2851	
17.662	11.40934	0	-17.47571	23.29809	
17.683	11.43012	0	-18.88452	23.28667	
17.704	11.45102	0	-19.76886	23.29512	
17.722	11.46944	0	-20.73987	23.29122	
17.743	11.49067	0	-22.44733	23.29411	
17.766	11.51215	0	-23.67871	23.2934	
17.786	11.53241	0	-24.65887	23.2873	
17.811	11.55862	0	-24.87329	23.29144	
17.835	11.58228	0	-23.81525	23.30411	
17.855	11.60199	0	-20.47284	23.28733	
17.875	11.62271	0	-14.84818	23.29255	
17.897	11.64442	0	-10.11337	23.28706	
17.918	11.66523	0	-2.350372	23.27247	
17.935	11.68186	0	3.163192	23.27989	
17.957	11.70467	0	8.58827	23.29445	
17.986	11.73263	0	16.84881	23.29042	
18.007	11.75417	0	25.34676	23.28998	
18.027	11.77382	0	33.4913	23.29387	
18.049	11.7965	0	38.71541	23.2817	
18.068	11.81522	0	46.76886	23.28955	
18.089	11.83607	0	52.23643	23.29631	
18.109	11.8559	0	57.41099	23.28118	
18.138	11.88501	0	65.35059	23.29654	
18.161	11.90786	0	73.29077	23.29425	
18.180	11.92719	0	80.07318	23.28238	
18.202	11.94899	0	85.29572	23.30034	
18.222	11.96922	0	87.93181	23.29334	
18.241	11.98864	0	89.22	23.28942	
18.261	12.00838	0	88.80828	23.28855	
18.291	12.03808	0	86.90511	23.30072	
18.311	12.05851	0	78.62811	23.29601	
18.334	12.08099	0	73.52728	23.30009	
18.353	12.09994	0	63.31721	23.29491	
18.388	12.13444	0	55.9166	23.2897	
18.410	12.1576	0	34.48822	23.29424	
18.428	12.17588	0	25.67402	23.29634	
18.456	12.20334	0	17.28788	23.29979	
18.476	12.22308	0	2.167515	23.29241	
18.495	12.24197	0	-4.410461	23.28781	
18.518	12.26534	0	-9.834564	23.3081	
18.537	12.28471	0	-15.67136	23.29511	
18.558	12.30566	0	-18.99078	23.29415	
18.578	12.32533	0	-20.28238	23.29691	
18.603	12.3491	0	-20.70435	23.28284	
18.632	12.37872	0	-20.04028	23.29077	
18.654	12.40111	0	-14.77704	23.28087	
18.674	12.42136	0	-7.187897	23.29486	
18.692	12.44014	0	-1.32428	23.29243	
18.714	12.46074	0	4.711673	23.28818	
18.735	12.48265	0	13.91759	23.28012	
18.755	12.50227	0	20.41223	23.27839	
18.785	12.53142	0	30.3313	23.28732	
18.807	12.55464	0	39.93738	23.28502	
18.828	12.57514	0	47.86983	23.28387	
18.850	12.59703	0	51.84208	23.28802	
18.867	12.61438	0	55.10373	23.278	
18.885	12.63196	0	55.88598	23.28163	
18.903	12.65053	0	55.91118	23.28164	
18.924	12.67109	0	55.34887	23.26392	
18.953	12.69957	0	53.99658	23.27383	
18.972	12.71906	0	51.54547	23.28839	
18.992	12.73966	0	47.61923	23.27887	
19.011	12.75836	0	43.85042	23.2844	
19.033	12.77984	0	39.10872	23.29042	
19.053	12.8	0	30.64148	23.29381	
19.071	12.81824	0	24.56699	23.29346	
19.091	12.83868	0	15.81866	23.29956	
19.120	12.86735	0	10.39021	23.29595	
19.157	12.90459	0	-0.08343506	23.29857	
19.177	12.92461	0	-9.126038	23.33412	
19.199	12.94652	0	-12.94269	23.34354	
19.216	12.96382	0	-17.54626	23.29305	
19.226	12.97338	0	-19.83896	23.32066	
19.248	12.9952	0	-20.78534	23.33846	
19.277	13.02434	0	-22.82645	23.33716	
19.298	13.04517	0	-24.13232	23.33562	
19.318	13.06538	0	-24.65906	23.34109	
19.338	13.08558	0	-24.7377	23.3364	
19.358	13.1054	0	-24.21317	23.35592	
19.379	13.12583	0	-23.52222	23.34829	
19.399	13.14701	0	-21.95932	23.37777	
19.427	13.17425	0	-20.71033	23.5162	
19.447	13.19417	0	-18.61484	23.5713	
19.466	13.21356	0	-16.73917	26.15904	
19.490	13.23683	0	-15.66125	26.41988	
19.509	13.25603	0	-14.22366	28.49079	
19.534	13.28089	0	-13.36404	28.49079	
19.555	13.30231	0	-12.2146	28.49079	
19.584	13.33096	0	-11.25119	28.49079	
19.603	13.35007	0	-10.39691	28.49079	
19.622	13.36946	0	-9.736328	28.49079	
19.641	13.38818	0	-9.304047	28.49079	
19.661	13.40765	0	-8.842346	28.49079	
19.681	13.42772	0	-8.44223	28.49079	
19.700	13.44716	0	-7.882507	28.49079	
19.719	13.46444	0	-7.584991	28.49079	
19.744	13.4919	0	-7.34079	28.49079	
19.769	13.51629	0	-6.886871	28.49079	
19.790	13.53703	0	-6.621674	28.49079	
19.809	13.55627	0	-6.371643	28.49079	
19.829	13.57592	0	-6.19165	28.49079	
19.849	13.59595	0	-6.077271	28.49079	
19.869	13.61586	0	-6.029266	28.49079	
19.895	13.64231	0	-5.975403	28.49079	
19.930	13.67719	0	-5.758026	28.49079	
19.949	13.69645	0	-5.710907	28.49079	
19.967	13.71451	0	-5.580536	28.49079	
19.986	13.73362	0	-5.486908	28.49079	
20.005	13.7522	0	-5.306091	28.49079	
20.024	13.77115	0	-5.190186	28.49079	
20.052	13.7993	0	-5.01709	28.49079	
20.072	13.81888	0	-4.829742	28.49079	
20.091	13.83874	0	-4.582123	28.49079	
20.110	13.85773	0	-4.405884	28.49079	
20.132	13.87953	0	-4.33725	28.49079	
20.153	13.89992	0	-4.112701	28.49079	
20.172	13.9187	0	-3.917542	28.49079	
20.189	13.936	0	-3.69046	28.49079	
20.215	13.96201	0	-3.560699	28.49079	
20.234	13.98111	0	-3.317352	28.49079	
20.253	13.99994	0	-3.17038	28.49079	
20.274	14.02193	0	-2.877625	28.49079	
20.293	14.04072	0	-2.868988	28.49079	
20.316	14.0638	0	-2.711914	28.49079	
20.336	14.08312	0	-2.571716	28.49079	
20.356	14.10367	0	-2.502167	28.49079	
20.386	14.13372	0	-2.521118	28.49079	
20.408	14.15542	0	-2.407776	28.49079	
20.428	14.17547	0	-2.178284	28.49079	
20.450	14.19726	0	-2.067474	28.49079	
20.466	14.21359	0	-2.073914	28.49079	
20.476	14.22383	0	-1.794342	28.49079	
20.499	14.24551	0	-1.654907	28.49079	
20.518	14.26524	0	-1.227478	28.49079	
20.550	14.29695	0	-1.035522	28.49079	
20.569	14.31601	0	-0.7086182	28.49079	
20.588	14.33539	0	-0.6806946	28.49079	
20.608	14.35578	0	-0.6254578	28.49079	
20.630	14.37707	0	-0.5826111	28.49079	
20.650	14.3973	0	-0.5784302	28.49079	
20.669	14.41658	0	-0.5888672	28.49079	
20.711	14.45828	0	-0.5300598	28.49079	
