				
Time	keytime	target	cy	hy
990.176	41.51527	-1	-0.1065063	2.159048
990.205	41.52527	-1	-0.1397705	2.134272
990.229	41.53527	-1	-0.09188843	2.086766
990.267	41.56248	-1	-0.1564636	2.143237
990.31	41.57248	-1	-0.2124023	2.071028
990.339	41.58247	-1	-0.2245483	1.995668
990.375	41.60566	-1	-0.2333679	2.009065
990.398	41.61566	-1	-0.2084656	1.981989
990.435	41.63385	-1	-0.2065735	1.905933
990.471	41.64385	-1	-0.2254028	1.820654
990.498	41.65385	-1	-0.2523499	1.758622
990.528	41.66385	-1	-0.2752991	1.730663
990.572	41.68308	-1	-0.2800293	1.712502
990.602	41.69828	-1	-0.2839966	1.696998
990.634	41.71497	-1	-0.2843628	1.65739
990.676	41.72496	-1	-0.2932129	1.635186
990.721	41.73895	-1	-0.3068542	1.5942
990.725	41.74895	-1	-0.3068542	1.5942
990.769	41.76408	-1	-0.3170471	1.573451
990.802	41.78122	-1	-0.3449707	1.517176
990.828	41.79122	-1	-0.3735352	1.490736
990.869	41.80511	-1	-0.6134338	1.434392
990.897	41.81511	-1	-0.6759644	1.404163
990.936	41.84036	-1	-1.197968	0.7857733
990.974	41.85036	-1	-1.520172	0.5845895
991.001	41.86036	-1	-1.964722	0.09620652
991.026	41.87036	-1	-2.681305	-0.7841187
991.077	41.88036	-1	-4.135223	-2.257568
991.104	41.89035	-1	-5.021118	-3.216858
991.136	41.90035	-1	-5.988281	-4.256897
991.173	41.92529	-1	-8.45636	-7.040466
991.211	41.93529	-1	-9.587097	-8.152496
991.24	41.94529	-1	-10.75726	-9.232269
991.267	41.95528	-1	-11.93713	-10.3075
991.303	41.98008	-1	-15.03226	-13.04813
991.347	41.99008	-1	-16.17929	-14.10757
991.374	42.00008	-1	-17.25668	-15.36957
991.401	42.01007	-1	-18.28464	-16.51749
991.427	42.02007	-1	-19.38171	-17.76407
991.482	42.03007	-1	-21.05862	-19.36548
991.506	42.04007	-1	-21.65405	-20.00314
991.534	42.05007	-1	-22.16156	-20.52756
991.571	42.07617	-1	-22.86929	-21.16171
991.614	42.08617	-1	-22.97427	-21.3396
991.642	42.09617	-1	-23.04135	-21.31042
991.668	42.10617	-1	-23.07788	-21.43246
991.706	42.13293	-1	-22.97171	-21.36487
991.747	42.14293	-1	-22.95078	-21.30334
991.775	42.15293	-1	-22.97284	-21.26007
991.802	42.16293	-1	-23.05283	-21.39615
991.829	42.17292	-1	-23.16248	-21.50809
991.869	42.19924	-1	-23.41772	-21.69006
991.901	42.21611	-1	-23.55106	-21.80432
991.936	42.23439	-1	-23.70648	-22.01892
991.967	42.24439	-1	-23.77167	-22.10425
992.002	42.25248	-1	-23.96542	-22.30917
992.033	42.2668	-1	-24.03989	-22.30225
992.067	42.28459	-1	-24.07983	-22.37872
992.105	42.29459	-1	-24.09332	-22.44272
995.136	42.30459	3	-1.632965	0.2627511
995.168	42.32658	3	-1.622711	0.2393787
995.201	42.3455	3	-1.605286	0.3310742
995.238	42.3555	3	-1.594116	0.356717
995.267	42.3655	3	-1.594818	0.3622173
995.297	42.3755	3	-1.573303	0.5016696
995.328	42.3855	3	-1.570038	0.5101357
995.368	42.40067	3	-1.531891	0.4924743
995.403	42.41066	3	-1.519745	0.5017612
995.431	42.42066	3	-1.497223	0.4845518
995.47	42.43738	3	-1.491913	0.4799064
995.497	42.44738	3	-1.509003	0.4454965
995.527	42.45737	3	-1.535553	0.4341064
995.57	42.47438	3	-1.502502	0.4618567
995.603	42.49149	3	-1.170135	0.7940599
995.65	42.50149	3	-1.004333	0.9933567
995.665	42.51551	3	0.9138616	2.867328
995.698	42.54028	3	2.22817	4.004027
995.733	42.5594	3	4.326423	6.216318
995.766	42.5694	3	6.959946	9.193007
995.803	42.59562	3	10.07776	12.09374
995.835	42.61264	3	13.23596	15.29379
995.876	42.63181	3	17.26824	19.25735
995.908	42.64181	3	19.79432	21.58218
995.932	42.65181	3	21.41059	23.22708
995.97	42.67621	3	26.40488	28.33757
996.007	42.68621	3	29.9221	31.78575
996.037	42.69621	3	31.44446	33.61482
996.071	42.72103	3	38.09617	39.9068
996.115	42.73103	3	40.80685	42.56079
996.142	42.74103	3	42.37776	45.02599
996.169	42.75103	3	44.91159	47.92786
996.196	42.76102	3	46.58118	49.66419
996.231	42.78736	3	50.54647	52.35082
996.276	42.79736	3	51.54992	53.5452
996.302	42.80736	3	52.34926	54.20714
996.33	42.81736	3	52.90029	54.67539
996.369	42.84494	3	53.31026	55.13543
996.41	42.85493	3	53.27549	55.11045
996.437	42.86493	3	53.1671	55.07955
996.475	42.89164	3	53.33295	55.07904
996.501	42.91848	3	53.33295	55.14256
996.543	42.92847	3	53.1779	55.31761
996.57	42.93847	3	53.48447	55.60192
996.599	42.94847	3	52.66178	56.05291
996.625	42.95847	3	52.66178	56.89358
996.677	42.96847	3	52.66178	58.93892
996.705	42.97847	3	52.66178	61.23073
996.734	42.98846	3	52.66178	61.88015
996.772	43.01324	3	52.66178	65.03343
996.811	43.02324	3	52.66178	66.55992
996.838	43.03324	3	52.66178	67.98146
996.866	43.04324	3	52.66178	69.23789
996.904	43.06971	3	52.66178	72.32785
996.932	43.09846	3	52.66178	73.22272
996.973	43.10846	3	52.66178	73.71046
996.999	43.11845	3	52.66178	73.81728
997.026	43.12845	3	52.66178	74.53323
997.082	43.13845	3	52.66178	74.81023
997.106	43.14845	3	52.66178	75.25095
997.133	43.15845	3	52.66178	76.42184
997.17	43.18361	3	52.66178	77.25637
997.217	43.19361	3	52.66178	77.60592
997.243	43.20361	3	52.66178	78.11051
997.267	43.2136	3	52.66178	79.08457
997.303	43.2385	3	52.66178	79.75674
997.338	43.2485	3	52.66178	79.58117
997.37	43.2585	3	52.66178	79.93913
997.405	43.28132	3	52.66178	80.31613
997.428	43.29132	3	52.66178	80.09926
997.472	43.30966	3	52.66178	80.69097
997.506	43.32817	3	52.66178	80.94118
997.525	43.33817	3	52.66178	81.36653
1000.565	43.34817	-2	-0.2929077	1.45852
1000.597	43.35817	-2	-0.2607117	1.440742
1000.634	43.36817	-2	-0.2078552	1.603573
1000.668	43.37723	-2	-0.1902466	1.635929
1000.698	43.39372	-2	-0.2005005	1.744668
1000.74	43.40372	-2	-0.2138062	1.606452
1000.767	43.41936	-2	-0.2435608	1.568293
1000.801	43.42936	-2	-0.2546387	1.520646
1000.83	43.43935	-2	-0.2655945	1.509621
1000.867	43.45755	-2	-0.2684326	1.445745
1000.895	43.46755	-2	-0.2624817	1.470497
1000.94	43.48117	-2	-0.3415222	1.466957
1000.968	43.49516	-2	-0.3627625	1.478567
1000.999	43.51054	-2	-0.3946228	1.470369
1001.043	43.52054	-2	-0.4440002	1.393844
1001.071	43.53685	-2	-0.5708008	1.212983
1001.099	43.55134	-2	-0.7252502	1.100178
1001.13	43.56778	-2	-1.021606	0.8909162
1001.168	43.57778	-2	-1.439209	0.2537229
1001.205	43.58987	-2	-2.22113	-0.6038208
1001.234	43.60482	-2	-2.848846	-1.311707
1001.265	43.62049	-2	-4.01944	-2.41272
1001.302	43.63049	-2	-5.461273	-3.970886
1001.334	43.64048	-2	-6.892242	-5.234772
1001.365	43.66245	-2	-9.294189	-7.800049
1001.402	43.67245	-2	-11.50531	-9.956573
1001.43	43.68245	-2	-13.20721	-11.61868
1001.466	43.69693	-2	-16.17776	-14.24197
1001.501	43.71368	-2	-19.40787	-17.31992
1001.53	43.72367	-2	-20.64169	-18.8067
1001.565	43.73367	-2	-23.09277	-21.28159
1001.611	43.74367	-2	-26.26254	-24.34277
1001.637	43.75367	-2	-28.18475	-26.33539
1001.675	43.77991	-2	-31.49976	-29.66833
1001.699	43.80524	-2	-33.07373	-31.48709
1001.741	43.81524	-2	-35.05765	-33.56363
1001.768	43.82524	-2	-36.47672	-34.93591
1001.797	43.83524	-2	-37.83234	-36.38336
1001.834	43.86268	-2	-41.37238	-39.6748
1001.876	43.87268	-2	-42.76678	-40.98883
1001.903	43.88268	-2	-44.14084	-42.27771
1001.93	43.89267	-2	-45.45251	-43.59232
1001.968	43.92016	-2	-48.04343	-46.30374
1002.011	43.93016	-2	-48.94675	-47.18835
1002.036	43.94016	-2	-49.74838	-47.98248
1002.072	43.96611	-2	-50.84723	-49.11615
1002.101	43.99446	-2	-51.18356	-49.48941
1002.144	44.00446	-2	-51.48615	-49.80182
1002.17	44.01446	-2	-51.73672	-50.05325
1002.198	44.02446	-2	-51.9314	-50.26166
1002.235	44.05081	-2	-52.17789	-50.50287
1002.279	44.06081	-2	-52.29401	-50.54581
1002.304	44.0708	-2	-52.32587	-50.57251
1002.344	44.0808	-2	-52.2934	-50.5701
1002.371	44.09449	-2	-52.27774	-50.52045
1009.757	44.10449	-3	-0.4734497	1.616111
1009.77	44.15972	-3	-0.4892578	1.585332
1009.805	44.16972	-3	-0.4841919	1.571577
1009.838	44.19197	-3	-0.4625854	1.583032
1009.858	44.20197	-3	-0.4568787	1.52618
1009.889	44.21197	-3	-0.4430847	1.5477
1009.932	44.22641	-3	-0.4384155	1.54575
1009.958	44.23641	-3	-0.4420166	1.533716
1010	44.24641	-3	-0.436676	1.470022
1010.038	44.2564	-3	-0.4370422	1.411141
1010.06	44.2664	-3	-0.4260254	1.423356
1010.098	44.29361	-3	-0.4151001	1.408441
1010.141	44.30361	-3	-0.3629456	1.512735
1010.168	44.31361	-3	-0.09179688	1.849551
1010.194	44.3236	-3	0.2573453	2.30496
1010.23	44.3504	-3	1.182296	3.128808
1010.275	44.36039	-3	1.938484	3.7854
1010.303	44.37039	-3	2.408072	4.327078
1010.341	44.39591	-3	3.083461	4.931576
1010.364	44.42105	-3	3.173366	5.045822
1010.407	44.43105	-3	2.926104	4.767261
1010.436	44.44105	-3	2.480561	4.434103
1010.462	44.45105	-3	1.769203	3.724592
1010.489	44.46105	-3	0.8722258	2.723809
1010.542	44.47105	-3	-2.025635	-0.1308594
1010.57	44.48104	-3	-3.547882	-1.84256
1010.596	44.49104	-3	-5.305847	-3.599152
1010.636	44.51819	-3	-10.33783	-8.619171
1010.676	44.52819	-3	-11.87625	-10.09125
1010.703	44.53819	-3	-15.29752	-13.4035
1010.732	44.54819	-3	-18.19455	-16.0979
1010.768	44.57385	-3	-24.35577	-22.5343
1010.81	44.58385	-3	-26.99747	-25.22839
1010.838	44.59385	-3	-29.95261	-28.23672
1010.865	44.60384	-3	-32.6286	-31.00439
1010.894	44.61384	-3	-36.17188	-34.51398
1010.943	44.62384	-3	-41.60965	-39.79916
1010.971	44.63384	-3	-44.06342	-42.08453
1010.997	44.64384	-3	-46.32532	-44.42847
1011.034	44.66997	-3	-51.20425	-49.43372
1011.078	44.67997	-3	-53.0592	-51.38611
1011.105	44.68997	-3	-54.76404	-53.08939
1011.133	44.69997	-3	-56.33328	-54.62924
1011.159	44.70996	-3	-58.27255	-56.61926
1011.211	44.71996	-3	-60.89288	-59.2789
1011.239	44.72996	-3	-62.21924	-60.5296
1011.265	44.73996	-3	-63.31207	-61.61676
1011.292	44.74996	-3	-64.6825	-63.09344
1011.328	44.77697	-3	-66.64987	-65.86404
1011.373	44.78697	-3	-67.50385	-66.85245
1011.4	44.79697	-3	-68.34372	-66.97037
1011.439	44.82355	-3	-70.08313	-68.87796
1011.48	44.84911	-3	-70.97058	-69.68695
1011.505	44.85911	-3	-72.15518	-70.87637
1011.533	44.86911	-3	-72.83041	-71.51404
1011.559	44.8791	-3	-73.91483	-73.3187
1011.595	44.90512	-3	-75.38715	-74.69254
1011.639	44.91512	-3	-75.98486	-74.96198
1011.667	44.92511	-3	-76.45175	-75.49725
1011.693	44.93511	-3	-76.91806	-75.93774
1011.731	44.96251	-3	-77.31052	-76.34424
1011.775	44.97251	-3	-77.29565	-76.42484
1011.8	44.98251	-3	-77.32407	-76.51843
1011.835	44.9925	-3	-77.3624	-76.31778
1011.861	45.0025	-3	-77.20728	-76.23358
1014.897	45.0125	1	0.1227445	2.478588
1014.929	45.03498	1	0.01496337	2.413193
1014.962	45.05348	1	-0.1080933	2.235173
1014.999	45.06348	1	-0.2445068	1.972453
1015.029	45.07347	1	-0.3387451	1.861116
1015.07	45.08764	1	-0.4133606	1.79278
1015.1	45.09764	1	-0.4264221	1.700651
1015.128	45.11679	1	-0.2997437	1.694332
1015.164	45.12679	1	-0.3139038	1.678088
1015.199	45.13539	1	-0.3455811	1.725078
1015.229	45.15085	1	-0.3238525	1.813655
1015.266	45.16688	1	-0.2941284	1.86028
1015.299	45.18398	1	-0.3024902	1.753761
1015.334	45.19397	1	-0.2962952	1.76556
1015.36	45.20397	1	-0.3289185	1.727153
1015.395	45.21397	1	-0.2644958	1.80538
1015.432	45.2255	1	0.02307343	2.248237
1015.467	45.2355	1	0.4085635	2.433414
1015.495	45.24549	1	0.9497452	3.161571
1015.53	45.25549	1	1.649062	3.86977
1015.565	45.27835	1	2.650929	4.702759
1015.601	45.28835	1	3.831117	5.9884
1015.63	45.29834	1	5.211345	7.475572
1015.66	45.30834	1	6.452667	8.882309
1015.695	45.31834	1	8.278181	10.54212
1015.735	45.32834	1	10.53852	12.72036
1015.765	45.33834	1	12.29453	14.52774
1015.794	45.34834	1	13.61318	15.81988
1015.834	45.3673	1	16.14147	18.34648
1015.867	45.38383	1	17.32181	19.4551
1015.891	45.39383	1	18.32441	20.38824
1015.929	45.40383	1	19.59241	21.70302
1015.965	45.41383	1	21.07756	23.04218
1015.995	45.42383	1	21.77485	23.8559
1016.033	45.4347	1	22.87619	24.89547
1016.062	45.45011	1	23.86599	25.75478
1016.096	45.46011	1	24.58719	26.48267
1016.127	45.4747	1	25.50216	27.36592
1016.164	45.49046	1	25.96913	27.92433
1016.192	45.50046	1	26.21795	28.24108
1016.23	45.515	1	26.85587	28.82998
1016.282	45.52499	1	27.10559	29.05257
1016.296	45.53499	1	27.15596	29.09227
1016.329	45.55178	1	27.06282	28.98953
1016.364	45.56707	1	26.92121	28.80954
1016.402	45.57707	1	26.63794	28.64347
1019.433	45.58707	2	0.7082982	2.620512
1019.462	45.59707	2	0.6948149	2.633897
1019.496	45.62188	2	0.6647089	2.577137
1019.53	45.63804	2	0.6448674	2.591599
1019.562	45.65625	2	0.6582055	2.581306
1019.599	45.66625	2	0.6600378	2.633593
1019.634	45.67625	2	0.6469072	2.608585
1019.664	45.68625	2	0.636086	2.587988
1019.689	45.69625	2	0.63288	2.579451
1019.736	45.71807	2	0.7046444	2.760937
1019.765	45.74465	2	0.7672031	2.790523
1019.8	45.75465	2	0.8587835	2.829664
1019.833	45.77711	2	1.076552	2.948822
1019.876	45.78711	2	1.259822	3.275652
1019.902	45.79711	2	1.540245	3.516706
1019.929	45.80711	2	2.003685	4.059278
1019.967	45.83337	2	3.718513	5.497009
1020.011	45.84336	2	4.693892	6.641955
1020.036	45.85336	2	5.830995	7.810373
1020.064	45.86336	2	7.169105	9.352425
1020.09	45.87336	2	8.646247	10.97324
1020.144	45.88336	2	12.57311	14.71076
1020.169	45.89336	2	14.33846	16.53101
1020.197	45.90335	2	16.11844	18.14376
1020.239	45.93048	2	20.75412	22.82935
1020.278	45.94048	2	23.14008	24.96532
1020.306	45.95048	2	24.91392	27.17278
1020.33	45.96048	2	26.99462	29.20024
1020.367	45.98687	2	31.73266	34.04432
1020.412	45.99687	2	33.67367	35.98938
1020.44	46.00687	2	35.53149	37.89296
1020.466	46.01687	2	37.69944	40.33646
1020.49	46.02687	2	39.4647	42.24651
1020.546	46.03687	2	43.64191	45.73416
1020.573	46.04686	2	45.05822	47.36054
1020.598	46.05686	2	46.60882	49.25129
1020.636	46.08437	2	48.41335	51.58326
1020.664	46.11011	2	50.45761	52.54681
1020.705	46.12011	2	51.41256	53.57349
1020.733	46.1301	2	52.05865	54.15061
1020.76	46.1401	2	52.48642	54.67312
1020.799	46.16785	2	53.40942	55.46725
1020.839	46.17785	2	53.54461	55.60763
1020.866	46.18785	2	53.5854	55.64206
1020.894	46.19785	2	53.89811	55.62547
1020.933	46.22509	2	53.19029	55.35273
1020.965	46.24168	2	53.27013	55.25465
1020.996	46.25846	2	53.08583	55.16426
1021.042	46.27649	2	53.26041	55.03253
1021.071	46.28648	2	53.28152	55.00841
1021.105	46.29648	2	52.925	54.96592
1024.16	46.30648	-2	0.8330736	2.830857
1024.193	46.31648	-2	0.8424554	2.85191
1024.227	46.33233	-2	0.8154179	2.863438
1024.268	46.34233	-2	0.806186	2.854543
1024.299	46.35233	-2	0.7869074	2.730927
1024.329	46.36233	-2	0.7414926	2.631008
1024.36	46.37233	-2	0.7255559	2.610761
1024.393	46.38232	-2	0.6910601	2.531067
1024.428	46.39232	-2	0.6591116	2.442653
1024.459	46.40597	-2	0.6031042	2.464761
1024.493	46.41597	-2	0.6030364	2.463026
1024.531	46.42597	-2	0.5594316	2.48125
1024.57	46.43597	-2	0.5269646	2.511411
1024.599	46.44596	-2	0.3802197	2.35608
1024.636	46.4595	-2	0.04134987	1.91407
1024.663	46.46949	-2	-0.1634216	1.796831
1024.692	46.47949	-2	-0.7163086	1.006207
1024.729	46.50178	-2	-1.756256	-0.2521362
1024.765	46.51178	-2	-2.946808	-1.402008
1024.795	46.52177	-2	-4.054382	-2.44342
1024.837	46.535	-2	-6.655029	-5.109344
1024.871	46.545	-2	-8.194305	-6.610229
1024.898	46.56168	-2	-10.44263	-8.905518
1024.933	46.57167	-2	-12.95068	-11.26025
1024.963	46.58167	-2	-15.81464	-13.92688
1024.995	46.59167	-2	-18.1991	-16.22958
1025.031	46.60167	-2	-20.92044	-19.36472
1025.06	46.61167	-2	-24.01334	-22.29657
1025.092	46.62167	-2	-27.26529	-25.44711
1025.129	46.63598	-2	-30.9209	-29.38718
1025.163	46.65484	-2	-33.79016	-32.32269
1025.2	46.67489	-2	-36.56836	-35.07983
1025.231	46.68489	-2	-39.52112	-37.73062
1025.26	46.69823	-2	-42.62253	-40.71512
1025.301	46.70823	-2	-44.2515	-42.27805
1025.33	46.71823	-2	-46.27008	-44.47418
1025.365	46.74355	-2	-48.22437	-46.34708
1025.398	46.76106	-2	-49.92395	-48.16394
1025.43	46.77106	-2	-51.35901	-49.63086
1025.459	46.78106	-2	-52.20316	-50.43085
1025.5	46.79106	-2	-52.93311	-51.22153
1025.53	46.80106	-2	-53.23419	-51.4884
1025.559	46.81529	-2	-52.9968	-51.29538
1025.596	46.82529	-2	-52.7114	-50.98749
1025.629	46.83529	-2	-52.08667	-50.38074
1025.666	46.84529	-2	-51.5838	-49.88034
1025.693	46.85529	-2	-50.98071	-49.29391
1028.765	46.86528	1	-0.6949463	1.158952
1028.795	46.87528	1	-0.6986389	1.140245
1028.833	46.88528	1	-0.6771851	1.159104
1028.866	46.89528	1	-0.6465759	1.210638
1028.895	46.90528	1	-0.5946655	1.181279
1028.941	46.91528	1	-0.5604248	1.294786
1028.967	46.92527	1	-0.5399475	1.212026
1028.998	46.93527	1	-0.4707947	1.288645
1029.038	46.94944	1	-0.388031	1.387198
1029.059	46.9617	1	-0.3345642	1.366419
1029.099	46.9717	1	-0.3023987	1.504143
1029.135	46.99656	1	-0.2767029	1.538067
1029.171	47.00656	1	-0.2513428	1.675294
1029.197	47.01656	1	-0.1836243	1.69294
1029.237	47.03019	1	0.06818734	1.836942
1029.26	47.04018	1	0.2552344	2.137051
1029.297	47.05018	1	0.9053168	2.786207
1029.326	47.06335	1	1.968044	3.908441
1029.36	47.07335	1	2.836477	4.658409
1029.394	47.08335	1	3.785197	5.699922
1029.43	47.09534	1	5.740419	7.731517
1029.457	47.10939	1	8.056767	10.32117
1029.494	47.12461	1	9.652299	11.93913
1029.537	47.14007	1	12.31804	14.61104
1029.557	47.15361	1	14.47607	16.66547
1029.598	47.16631	1	16.06461	18.05797
1029.633	47.17631	1	17.95956	19.98641
1029.661	47.18631	1	19.19682	21.23505
1029.691	47.19631	1	20.65279	22.66694
1029.732	47.21397	1	22.28997	24.3738
1029.768	47.23544	1	23.00686	25.10163
1029.792	47.24544	1	23.27258	25.38962
1029.823	47.25846	1	23.79094	25.88643
1029.862	47.26846	1	23.98639	26.03572
1029.897	47.27845	1	23.96741	26.06448
1029.932	47.28845	1	23.97217	25.99935
1029.962	47.29845	1	23.72953	25.84001
1029.997	47.30845	1	23.7366	25.75396
1033.036	47.32354	-1	0.239653	2.169558
1033.064	47.33524	-1	0.2537313	2.157534
1033.098	47.34523	-1	0.2556241	2.166966
1033.136	47.35832	-1	0.2688563	2.194013
1033.158	47.37397	-1	0.2822291	2.332617
1033.198	47.38685	-1	0.3020814	2.309756
1033.233	47.40607	-1	0.3375146	2.341427
1033.263	47.42015	-1	0.3556538	2.405487
1033.298	47.43015	-1	0.3603659	2.340967
1033.33	47.44015	-1	0.3612448	2.328174
1033.359	47.45422	-1	0.3838388	2.308805
1033.397	47.46421	-1	0.4153638	2.288149
1033.438	47.47865	-1	0.4765418	2.266646
1033.481	47.49128	-1	0.4724117	2.281737
1033.494	47.5221	-1	0.4023275	2.274201
1033.537	47.5321	-1	0.1130989	2.019129
1033.567	47.5421	-1	-0.4313049	1.395514
1033.596	47.5521	-1	-1.175598	0.624922
1033.625	47.5648	-1	-2.367371	-0.7073059
1033.663	47.58363	-1	-3.149323	-1.621155
1033.689	47.59363	-1	-3.775787	-2.222473
1033.732	47.60744	-1	-5.987244	-4.487366
1033.765	47.61744	-1	-7.878143	-6.223175
1033.797	47.62744	-1	-9.875275	-8.177399
1033.837	47.64558	-1	-12.32254	-10.76746
1033.866	47.65557	-1	-13.79114	-12.11716
1033.891	47.66557	-1	-15.2601	-13.46286
1033.923	47.67868	-1	-18.25018	-16.21796
1033.957	47.69206	-1	-19.86017	-17.89594
1033.999	47.70206	-1	-20.9035	-18.8721
1034.031	47.71206	-1	-22.08392	-20.08585
1034.061	47.72205	-1	-22.79041	-20.90402
1034.089	47.73205	-1	-23.55692	-21.66107
1034.123	47.74535	-1	-24.30945	-22.45483
1034.167	47.77014	-1	-24.53458	-22.71014
1034.199	47.78014	-1	-24.53586	-22.75964
1034.23	47.79014	-1	-24.40015	-22.61139
1034.259	47.80014	-1	-24.22495	-22.42273
1034.29	47.81013	-1	-23.93219	-22.05103
1034.333	47.82013	-1	-23.50711	-21.66238
1034.363	47.83013	-1	-23.15082	-21.19131
1034.392	47.84013	-1	-22.94885	-21.10046
1037.436	47.85612	3	-0.3805542	1.527948
1037.464	47.86612	3	-0.3917542	1.433742
1037.494	47.87611	3	-0.394989	1.444196
1037.525	47.88942	3	-0.3874207	1.485103
1037.561	47.90665	3	-0.3780823	1.485039
1037.589	47.91665	3	-0.3678284	1.476451
1037.636	47.93042	3	-0.3383484	1.48111
1037.657	47.94458	3	-0.3128662	1.61652
1037.695	47.95458	3	-0.3051147	1.629593
1037.737	47.97148	3	-0.2532959	1.644435
1037.763	47.98148	3	-0.1826477	1.728203
1037.795	47.99147	3	0.06229223	2.064731
1037.837	48.00796	3	0.940038	2.810572
1037.86	48.01796	3	1.502496	3.493891
1037.9	48.02795	3	2.779906	4.654355
1037.931	48.03795	3	4.834474	6.74134
1037.964	48.06084	3	6.754151	8.751077
1038.008	48.07084	3	9.170279	11.44969
1038.035	48.08084	3	11.16132	13.63502
1038.079	48.09084	3	13.51262	15.70825
1038.094	48.10084	3	18.28394	20.37918
1038.139	48.11084	3	21.69152	23.82094
1038.167	48.12083	3	24.32365	26.44441
1038.196	48.13083	3	26.93373	29.0174
1038.232	48.15697	3	33.05736	35.1198
1038.276	48.16697	3	35.36546	37.6824
1038.302	48.17697	3	37.57485	39.89559
1038.329	48.18697	3	39.68535	42.30042
1038.37	48.21343	3	45.35249	47.44413
1038.412	48.22343	3	47.38773	49.53757
1038.437	48.23343	3	49.5749	52.20391
1038.463	48.24343	3	50.8741	54.08231
1038.489	48.25343	3	53.71283	55.90241
1038.545	48.26342	3	57.18024	59.28203
1038.572	48.27342	3	59.77245	61.39198
1038.6	48.28342	3	60.60143	62.71045
1038.637	48.30819	3	61.45123	65.07294
1038.678	48.31819	3	61.45123	67.06481
1038.705	48.32819	3	61.45123	67.38287
1038.733	48.33819	3	61.45123	67.93424
1038.771	48.36304	3	61.45123	69.40302
1038.795	48.39063	3	61.45123	70.03769
1038.839	48.40063	3	61.45123	70.86326
1038.866	48.41063	3	61.45123	71.51878
1038.895	48.42062	3	61.45123	72.6323
1038.931	48.44454	3	61.45123	73.83215
1038.971	48.45454	3	61.45123	74.7467
1038.999	48.46453	3	61.45123	74.35715
1039.041	48.49183	3	61.45123	74.92094
1039.069	48.51881	3	61.45123	76.22263
1039.108	48.52881	3	61.45123	76.53497
1039.134	48.53881	3	61.45123	76.73413
1039.16	48.54881	3	61.45123	77.08496
1039.202	48.57619	3	61.45123	78.66141
1042.239	48.59039	-3	2.014908	4.11142
1042.259	48.60039	-3	2.09603	4.11261
1042.295	48.6145	-3	2.072716	4.206578
1042.33	48.6245	-3	1.908034	3.928113
1042.365	48.64994	-3	1.424029	3.482095
1042.398	48.66697	-3	1.165748	3.215606
1042.433	48.67697	-3	0.7966652	2.801988
1042.465	48.68697	-3	0.5821892	2.582597
1042.504	48.69697	-3	0.3629834	2.339123
1042.534	48.71449	-3	0.3166818	2.042088
1042.565	48.72844	-3	0.2969492	1.991773
1042.599	48.73844	-3	0.34271	2.159368
1042.631	48.74844	-3	0.4776279	2.374491
1042.666	48.75844	-3	0.5643372	2.468503
1042.697	48.76844	-3	0.6687195	2.443509
1042.732	48.77843	-3	0.6090603	2.484813
1042.766	48.78843	-3	0.4931419	2.298557
1042.795	48.79843	-3	0.3168926	2.030486
1042.832	48.80843	-3	-0.1402893	1.530183
1042.863	48.81843	-3	-0.9172363	0.7509047
1042.899	48.82843	-3	-2.057129	-0.4043274
1042.934	48.85193	-3	-3.872314	-2.163086
1042.971	48.86193	-3	-5.222321	-3.440552
1042.999	48.87193	-3	-6.747528	-4.980774
1043.038	48.8974	-3	-10.4585	-8.908691
1043.078	48.90739	-3	-12.48709	-10.7897
1043.104	48.91739	-3	-14.69791	-12.92801
1043.132	48.92739	-3	-17.82468	-15.88657
1043.162	48.93739	-3	-21.97293	-20.07953
1043.208	48.94739	-3	-25.423	-23.50565
1043.238	48.95739	-3	-28.04138	-26.28848
1043.265	48.96738	-3	-31.61496	-30.04041
1043.292	48.97738	-3	-34.32672	-32.77896
1043.33	49.00401	-3	-40.38312	-38.47736
1043.371	49.01401	-3	-43.10785	-41.25415
1043.398	49.02401	-3	-46.77081	-44.92078
1043.44	49.05248	-3	-51.7951	-50.10385
1043.464	49.07813	-3	-54.79062	-53.10461
1043.504	49.08812	-3	-56.05774	-54.40961
1043.532	49.09812	-3	-58.31808	-56.81625
1043.561	49.10812	-3	-60.23779	-58.44238
1043.597	49.1338	-3	-63.61337	-61.72046
1043.64	49.1438	-3	-64.57648	-62.85883
1043.665	49.1538	-3	-65.41287	-64.62793
1043.693	49.1638	-3	-66.16098	-64.74878
1043.73	49.19081	-3	-67.81482	-66.2865
1043.773	49.20081	-3	-68.65482	-66.96069
1043.8	49.21081	-3	-69.41547	-67.61664
1043.838	49.23726	-3	-70.72507	-69.19611
1043.864	49.26472	-3	-71.83002	-71.12744
1043.907	49.27472	-3	-72.69412	-71.9837
1043.934	49.28472	-3	-73.58646	-72.76294
1043.96	49.29472	-3	-74.37909	-73.51068
1043.997	49.32166	-3	-75.8783	-74.60046
1044.042	49.33166	-3	-76.68146	-75.38818
1044.067	49.34166	-3	-77.00201	-75.96338
1044.094	49.35165	-3	-77.35858	-76.60492
1044.132	49.37815	-3	-77.70602	-76.54605
1047.191	49.38815	2	-0.9127197	0.8261006
1047.237	49.40503	2	-0.9729919	0.6458308
1047.255	49.41807	2	-0.9818726	0.6615263
1047.295	49.42807	2	-0.9573059	0.8524674
1047.335	49.4438	2	-0.8944702	0.8718893
1047.367	49.4614	2	-0.7810059	1.020904
1047.391	49.4714	2	-0.7419434	1.090673
1047.421	49.48478	2	-0.5933533	1.228554
1047.465	49.49477	2	-0.5237427	1.340129
1047.494	49.50477	2	-0.499176	1.41732
1047.529	49.51477	2	-0.4403992	1.510076
1047.561	49.52477	2	-0.3565979	1.469775
1047.594	49.53477	2	-0.3287659	1.63494
1047.622	49.54821	2	-0.1556091	1.773114
1047.655	49.56078	2	-0.1543274	1.815389
1047.689	49.57077	2	-0.137085	1.808886
1047.732	49.58077	2	-0.04977417	1.906451
1047.762	49.59077	2	-0.09069824	1.977632
1047.79	49.60077	2	-0.08099365	1.878178
1047.822	49.61647	2	-0.06878662	1.854357
1047.863	49.62646	2	0.01971618	1.958429
1047.892	49.63646	2	0.1964547	2.291126
1047.922	49.65061	2	1.181962	3.141129
1047.964	49.66061	2	1.92366	3.882353
1048.001	49.6706	2	3.231087	5.221536
1048.034	49.6806	2	4.896859	6.931484
1048.061	49.6906	2	6.95939	9.307477
1048.095	49.7006	2	9.473501	11.68673
1048.134	49.71554	2	12.7963	15.10309
1048.165	49.72554	2	14.96407	17.05068
1048.194	49.73553	2	17.86545	19.91436
1048.236	49.75284	2	21.5558	23.6655
1048.266	49.76793	2	24.43844	26.47417
1048.287	49.78106	2	26.42276	28.57493
1048.337	49.79651	2	30.23762	32.58714
1048.359	49.80651	2	30.82298	33.24251
1048.388	49.81983	2	34.28526	36.83875
1048.421	49.83283	2	35.66207	38.23128
1048.471	49.84283	2	37.65563	39.62138
1048.501	49.85283	2	39.64954	41.6768
1048.531	49.86282	2	40.99379	43.01244
1048.565	49.87282	2	41.74036	44.1197
1048.597	49.88282	2	42.7654	44.9807
1048.632	49.89282	2	42.595	45.69018
1048.662	49.90282	2	43.56824	46.35843
1048.694	49.91282	2	44.56086	46.99961
1048.737	49.9317	2	44.78603	48.08941
1048.769	49.94551	2	45.57344	48.63003
1048.793	49.95551	2	46.00399	49.02949
1048.833	49.96925	2	47.76128	50.00654
1048.86	49.97925	2	48.18729	50.42335
1048.89	49.98925	2	48.55263	50.74092
1048.92	50.00241	2	48.79809	51.19952
1048.963	50.01241	2	48.88786	51.3411
1048.996	50.0224	2	48.97631	51.47199
1049.033	50.03817	2	48.97338	51.48223
1049.054	50.05323	2	48.91931	51.425
1049.103	50.06323	2	48.86475	51.37045
1052.12	50.07734	-3	2.109747	3.689894
1052.166	50.09146	-3	2.097462	3.65699
1052.19	50.10146	-3	2.069664	3.613913
1052.221	50.11455	-3	2.05316	3.653247
1052.266	50.12455	-3	2.052454	3.576794
1052.295	50.14348	-3	2.083487	3.768788
1052.332	50.15348	-3	2.098019	3.74063
1052.361	50.16348	-3	2.133404	3.786031
1052.391	50.17347	-3	2.157394	3.692042
1052.442	50.18347	-3	2.201183	3.808707
1052.461	50.19347	-3	2.217107	3.804122
1052.497	50.20347	-3	2.206167	3.847103
1052.531	50.22768	-3	2.153893	3.750637
1052.57	50.23768	-3	2.111204	3.730166
1052.597	50.24768	-3	2.07275	3.641822
1052.636	50.27206	-3	2.061744	3.608168
1052.675	50.28206	-3	2.062372	3.608071
1052.702	50.29206	-3	1.960886	3.550081
1052.729	50.30206	-3	1.440423	2.974635
1052.767	50.32908	-3	-0.4600525	0.9982154
1052.808	50.33908	-3	-1.900665	-0.3179932
1052.836	50.34908	-3	-3.570862	-2.051819
1052.863	50.35907	-3	-6.299683	-4.918396
1052.889	50.36907	-3	-8.611572	-7.171082
1052.941	50.37907	-3	-13.87012	-12.20255
1052.968	50.38907	-3	-16.99295	-15.05399
1052.996	50.39907	-3	-19.84576	-18.06964
1053.036	50.42508	-3	-27.24396	-25.60333
1053.078	50.43508	-3	-30.39246	-28.93674
1053.104	50.44508	-3	-34.86816	-33.3418
1053.14	50.46946	-3	-42.26367	-40.33133
1053.17	50.49723	-3	-45.82559	-43.84784
1053.212	50.50723	-3	-49.26767	-47.40778
1053.239	50.51722	-3	-53.5369	-51.66757
1053.264	50.52722	-3	-56.40173	-54.48129
1053.29	50.53722	-3	-58.86783	-57.03976
1053.344	50.54722	-3	-63.54395	-61.68521
1053.374	50.55722	-3	-64.71539	-62.7334
1053.398	50.56721	-3	-66.47147	-64.57538
1053.435	50.5937	-3	-68.44675	-67.53308
1053.478	50.60369	-3	-69.26422	-68.43146
1053.505	50.61369	-3	-70.21423	-68.67627
1053.534	50.62369	-3	-70.84467	-70.23456
1053.56	50.63369	-3	-71.496	-70.04547
1053.598	50.65962	-3	-72.77322	-71.35864
1053.638	50.66962	-3	-73.63318	-72.30002
1053.668	50.67962	-3	-74.27399	-73.71042
1053.694	50.68962	-3	-74.86371	-74.28323
1053.734	50.71824	-3	-76.13132	-74.97256
1053.773	50.72824	-3	-76.40805	-74.91345
1053.788	50.74229	-3	-76.52838	-75.42975
1053.837	50.75588	-3	-76.3898	-75.27313
1053.869	50.76588	-3	-76.27307	-75.12866
1056.935	50.78386	1	-1.834869	-0.1643677
1056.954	50.79731	1	-2.53006	-0.7898254
1056.991	50.80731	1	-2.918732	-1.193665
1057.029	50.81731	1	-3.217194	-1.487762
1057.062	50.82731	1	-3.495239	-1.856171
1057.09	50.83731	1	-3.788971	-1.997345
1057.12	50.85252	1	-3.881226	-2.094147
1057.169	50.87015	1	-3.839996	-1.970825
1057.195	50.88015	1	-3.833374	-1.910522
1057.235	50.90947	1	-3.722198	-1.83847
1057.266	50.92558	1	-3.609192	-1.897705
1057.297	50.94168	1	-3.530151	-1.895081
1057.32	50.9543	1	-3.361481	-1.740936
1057.363	50.97571	1	-3.060608	-1.324982
1057.4	50.99	1	-2.637451	-0.9327698
1057.42	51.00444	1	-1.974548	-0.3348999
1057.465	51.02002	1	-1.322357	0.5824046
1057.491	51.03002	1	-0.9898987	0.942039
1057.531	51.04002	1	-0.2714539	1.640258
1057.561	51.05001	1	0.1382579	2.026886
1057.594	51.06001	1	0.181371	1.995152
1057.635	51.076	1	0.2888651	2.086374
1057.665	51.09182	1	0.7692093	2.666937
1057.694	51.10182	1	1.733986	3.643181
1057.737	51.12237	1	4.850335	6.741436
1057.769	51.13823	1	6.701396	8.831702
1057.798	51.15179	1	9.325774	11.73147
1057.83	51.16179	1	11.0643	13.30273
1057.863	51.17179	1	14.75036	16.99397
1057.895	51.18179	1	17.62499	19.62931
1057.937	51.19526	1	20.6424	22.64124
1057.968	51.2107	1	22.93055	25.03954
1057.997	51.2207	1	23.82922	26.08039
1058.03	51.2307	1	26.11345	28.01907
1058.059	51.2407	1	27.47803	29.41977
1058.096	51.25069	1	28.42049	30.45307
1058.13	51.27333	1	29.219	31.30422
1061.169	51.28704	3	-0.7418823	1.021825
1061.193	51.29704	3	-0.7122192	1.019947
1061.236	51.31259	3	-0.6959534	1.113832
1061.267	51.33015	3	-0.7103882	1.042283
1061.286	51.34388	3	-0.7572937	1.114994
1061.34	51.35803	3	-0.8453979	0.9333254
1061.365	51.36803	3	-0.863678	0.925386
1061.394	51.37803	3	-0.8563843	0.8787438
1061.434	51.39315	3	-0.8699341	0.9371812
1061.463	51.40692	3	-1.041351	0.7720987
1061.502	51.41692	3	-1.359467	0.349696
1061.533	51.42347	3	-2.358459	-0.7528992
1061.562	51.43889	3	-3.663025	-2.073029
1061.597	51.44889	3	-4.978821	-3.472687
1061.636	51.46268	3	-8.304199	-6.670532
1061.665	51.47268	3	-8.94278	-7.374176
1061.699	51.48268	3	-12.38165	-10.8432
1061.738	51.49639	3	-15.86633	-14.27777
1061.759	51.50639	3	-17.7323	-15.9964
1061.789	51.51638	3	-19.20895	-17.43237
1061.834	51.53727	3	-20.89328	-18.89084
1061.868	51.54207	3	-20.39658	-18.48154
1061.896	51.55816	3	-18.57611	-16.82217
1061.934	51.5758	3	-16.05127	-14.3985
1061.966	51.59266	3	-12.9198	-11.37134
1061.99	51.60266	3	-11.17392	-9.569733
1062.031	51.61592	3	-5.273468	-3.814331
1062.062	51.62592	3	-2.136383	-0.4584961
1062.093	51.63591	3	1.204617	3.277393
1062.13	51.64591	3	5.690113	7.703321
1062.161	51.65591	3	11.76232	14.13873
1062.205	51.66591	3	16.56179	18.54041
1062.232	51.68205	3	23.34499	24.97056
1062.267	51.68698	3	27.78042	29.77748
1062.294	51.69698	3	30.01751	32.1988
1062.334	51.71157	3	36.34198	38.68252
1062.362	51.72561	3	41.5258	42.70502
1062.393	51.73561	3	44.21096	45.43717
1062.434	51.75204	3	47.48698	49.50835
1062.464	51.76204	3	50.51215	51.62962
1062.493	51.77204	3	53.17044	53.86682
1062.532	51.78719	3	55.37189	56.01685
1062.56	51.79719	3	55.09524	57.30082
1062.601	51.80998	3	56.08438	58.28591
1062.639	51.82483	3	56.17223	59.37243
1062.659	51.83483	3	56.17223	59.89376
1062.688	51.84483	3	56.17223	60.69491
1062.737	51.85152	3	56.17223	63.53551
1062.762	51.86152	3	56.17223	64.03384
1062.793	51.87152	3	56.17223	65.72438
1062.833	51.88763	3	56.17223	65.92223
1062.867	51.89201	3	56.17223	67.11123
1062.896	51.90753	3	56.17223	68.20292
1062.931	51.91753	3	56.17223	69.08676
1062.961	51.92752	3	56.17223	71.5023
1062.988	51.93752	3	56.17223	71.83858
1063.028	51.95267	3	56.17223	73.63968
1063.06	51.96267	3	56.17223	73.76114
1063.097	51.97266	3	56.17223	73.79028
1063.135	51.98507	3	56.17223	74.7111
1063.164	51.99842	3	56.17223	75.1927
1063.196	52.01586	3	56.17223	76.22477
1063.229	52.02586	3	56.17223	76.47009
1063.259	52.03585	3	56.17223	76.57794
1063.289	52.04585	3	56.17223	76.73126
1063.331	52.05585	3	56.17223	77.13876
1063.359	52.06585	3	56.17223	77.29166
1063.396	52.07585	3	56.17223	77.65565
1066.43	52.08585	-2	0.7058001	2.493358
1066.459	52.09584	-2	0.7127594	2.393272
1066.49	52.10584	-2	0.7018485	2.318944
1066.533	52.12602	-2	0.6344098	2.223664
1066.56	52.13602	-2	0.6467065	2.403808
1066.591	52.14602	-2	0.6958007	2.464646
1066.634	52.16159	-2	0.7942882	2.533468
1066.659	52.17159	-2	0.8556683	2.609127
1066.697	52.186	-2	0.9370649	2.737103
1066.741	52.2081	-2	0.9131278	2.770835
1066.761	52.21809	-2	0.8273157	2.714264
1066.794	52.22809	-2	0.7277879	2.568861
1066.836	52.24448	-2	-0.1454163	1.639707
1066.864	52.25447	-2	-0.5057983	1.033733
1066.89	52.26447	-2	-1.283569	0.3222397
1066.942	52.27447	-2	-3.387115	-1.916351
1066.969	52.28447	-2	-5.299561	-3.865326
1066.998	52.29447	-2	-7.136871	-5.427063
1067.033	52.31857	-2	-10.97217	-9.592224
1067.075	52.32857	-2	-13.16202	-11.55145
1067.101	52.33857	-2	-15.4819	-13.79019
1067.132	52.34856	-2	-18.8782	-16.98264
1067.167	52.37306	-2	-23.48264	-21.74109
1067.208	52.38306	-2	-25.89841	-24.22058
1067.235	52.39306	-2	-28.22299	-26.59503
1067.264	52.40306	-2	-31.35449	-29.46616
1067.289	52.41306	-2	-33.42325	-31.84979
1067.343	52.42305	-2	-37.07593	-35.51752
1067.37	52.43305	-2	-39.41046	-37.96146
1067.398	52.44305	-2	-41.51443	-39.78168
1067.434	52.46985	-2	-45.0144	-43.11688
1067.477	52.47985	-2	-47.1626	-45.30829
1067.504	52.48985	-2	-48.69232	-46.72607
1067.533	52.49985	-2	-50.0629	-48.1666
1067.559	52.50985	-2	-51.21091	-49.28885
1067.611	52.51984	-2	-53.03278	-51.21161
1067.638	52.52984	-2	-53.35049	-51.48264
1067.665	52.53984	-2	-53.44028	-51.6124
1067.692	52.54984	-2	-53.36841	-51.50339
1070.766	52.55984	-1	-0.6895752	1.411503
1070.789	52.56984	-1	-0.730957	1.410536
1070.83	52.58529	-1	-0.7643433	1.427838
1070.872	52.59529	-1	-0.8153076	1.336399
1070.896	52.60822	-1	-0.8643799	1.395972
1070.933	52.61822	-1	-0.6878662	1.355125
1070.964	52.63372	-1	-0.71875	1.313425
1070.988	52.64371	-1	-0.7356567	1.263467
1071.039	52.66564	-1	-0.7904663	1.341829
1071.059	52.67564	-1	-0.7793274	1.292918
1071.091	52.68563	-1	-0.7702942	1.303795
1071.136	52.69563	-1	-0.7618408	1.322289
1071.169	52.70258	-1	-0.7565918	1.354513
1071.195	52.71257	-1	-0.7077332	1.373936
1071.238	52.72891	-1	-0.7878723	1.309427
1071.258	52.73891	-1	-0.8991089	1.224563
1071.288	52.74891	-1	-1.165161	0.9327218
1071.329	52.76438	-1	-1.474518	0.4814521
1071.367	52.78291	-1	-1.933624	-0.2293091
1071.396	52.79752	-1	-2.038788	-0.3513794
1071.429	52.80752	-1	-1.917206	-0.1767578
1071.46	52.81752	-1	-1.454926	0.5263161
1071.497	52.82752	-1	-0.9319458	0.8716679
1071.541	52.8412	-1	0.5775017	2.565467
1071.561	52.8512	-1	1.073496	2.958209
1071.595	52.86119	-1	1.944551	3.807189
1071.633	52.87599	-1	3.04313	5.047144
1071.659	52.88599	-1	3.567869	5.586475
1071.69	52.89598	-1	4.902963	6.967597
1071.741	52.90598	-1	7.665972	9.808171
1071.762	52.9184	-1	9.683263	11.71032
1071.797	52.9284	-1	10.98185	12.96594
1071.837	52.94618	-1	12.22067	14.41465
1071.866	52.96043	-1	12.51986	14.70769
1071.896	52.9743	-1	12.17181	14.32455
1071.936	52.98135	-1	11.07544	13.24021
1071.967	52.99499	-1	9.337018	11.44136
1071.994	53.00499	-1	7.834573	9.70262
1072.033	53.01921	-1	4.784313	6.810344
1072.066	53.03606	-1	1.948617	3.899947
1072.101	53.04605	-1	-1.338684	0.4453511
1072.137	53.05894	-1	-5.571198	-4.071136
1072.159	53.06894	-1	-6.524567	-4.792389
1072.189	53.07894	-1	-9.94519	-8.316132
1072.229	53.09241	-1	-14.44241	-12.75949
1072.266	53.10863	-1	-16.78259	-15.11093
1072.295	53.11863	-1	-17.74789	-16.16501
1072.335	53.13316	-1	-19.90634	-18.1264
1072.365	53.14754	-1	-20.99149	-19.1514
1072.396	53.16421	-1	-21.52765	-19.65149
1072.432	53.17421	-1	-22.26712	-19.99634
1072.47	53.18908	-1	-22.31061	-20.4931
1072.491	53.19908	-1	-22.55893	-20.8132
1072.531	53.21617	-1	-23.1058	-21.30933
1072.563	53.23217	-1	-23.51242	-21.82587
1072.593	53.24217	-1	-23.84451	-22.19843
1072.63	53.25217	-1	-24.31302	-22.65494
1072.663	53.26217	-1	-24.69797	-23.02838
1072.695	53.27216	-1	-25.16946	-23.53598
1072.737	53.28782	-1	-25.87704	-24.34399
1072.764	53.3013	-1	-26.15619	-24.65408
1072.794	53.3113	-1	-26.53287	-24.80975
1072.836	53.32832	-1	-26.76343	-25.30246
1072.866	53.34226	-1	-26.75491	-25.33786
1075.896	53.35226	3	-0.04205322	1.632939
1075.93	53.37021	3	0.003945187	1.615341
1075.969	53.38585	3	0.03924781	1.701148
1075.999	53.39965	3	0.0630675	1.778919
1076.028	53.41475	3	0.1145585	1.882041
1076.059	53.42475	3	0.1297483	1.942189
1076.099	53.43475	3	0.1468212	1.895308
1076.13	53.44122	3	0.1731073	1.946915
1076.164	53.45121	3	0.2143042	1.976041
1076.197	53.46761	3	0.2018252	1.931455
1076.232	53.4776	3	0.2042257	1.990748
1076.262	53.4876	3	0.2129557	1.940657
1076.292	53.4976	3	0.2294841	2.017755
1076.333	53.51352	3	0.3343948	2.116062
1076.364	53.53086	3	0.5323575	2.302649
1076.397	53.54086	3	0.7505383	2.523652
1076.44	53.55515	3	1.495179	3.26492
1076.47	53.5695	3	2.139339	3.812152
1076.488	53.5795	3	2.650121	4.355194
1076.529	53.61136	3	4.687152	6.50486
1076.559	53.62136	3	5.602642	7.475087
1076.591	53.63136	3	7.637084	9.569979
1076.634	53.64526	3	11.53324	13.5188
1076.668	53.66139	3	14.31248	16.38196
1076.707	53.67139	3	16.58664	18.40662
1076.735	53.68139	3	19.7781	21.54587
1076.759	53.69138	3	22.47858	24.04877
1076.809	53.70138	3	26.86487	28.80599
1076.835	53.71138	3	29.31021	31.22775
1076.863	53.72138	3	30.83633	32.83189
1076.891	53.73138	3	33.51313	35.82848
1076.944	53.74137	3	37.65393	40.30939
1076.97	53.75137	3	41.98227	43.10625
1076.997	53.76137	3	44.14518	45.19348
1077.036	53.78902	3	47.51276	49.05503
1077.08	53.79902	3	50.68196	51.45156
1077.105	53.80902	3	52.45963	53.11367
1077.132	53.81902	3	53.45767	54.54562
1077.159	53.82902	3	55.08922	55.75112
1077.212	53.83902	3	55.71688	57.9941
1077.24	53.84901	3	56.06443	58.88536
1077.266	53.85901	3	56.06443	60.10972
1077.292	53.86901	3	56.06443	61.26019
1077.329	53.89573	3	56.06443	64.52589
1077.374	53.90573	3	56.06443	65.93118
1077.4	53.91573	3	56.06443	65.88777
1077.436	53.94209	3	56.06443	68.16619
1077.463	53.96785	3	56.06443	69.30939
1077.508	53.97784	3	56.06443	71.32137
1077.533	53.98784	3	56.06443	71.86999
1077.559	53.99784	3	56.06443	73.24477
1077.6	54.02457	3	56.06443	73.72247
1077.642	54.03457	3	56.06443	74.23564
1077.667	54.04457	3	56.06443	74.92074
1077.694	54.05457	3	56.06443	76.44302
1077.734	54.08146	3	56.06443	77.02766
1077.775	54.09146	3	56.06443	77.35939
1077.8	54.10146	3	56.06443	77.77298
1077.84	54.12899	3	56.06443	78.20172
1077.87	54.13898	3	56.06443	79.16564
1080.89	54.14898	2	1.504972	3.342036
1080.935	54.16929	2	1.688785	3.37596
1080.967	54.18507	2	1.816073	3.453345
1080.995	54.19953	2	1.905015	3.660124
1081.032	54.20953	2	1.962912	3.842145
1081.066	54.23293	2	2.049233	3.914368
1081.101	54.24293	2	2.067808	3.931426
1081.137	54.25445	2	2.093058	3.957194
1081.159	54.26445	2	2.072922	3.941598
1081.191	54.27445	2	2.066078	3.920793
1081.239	54.29236	2	1.993866	3.822559
1081.27	54.3067	2	1.931805	3.716434
1081.289	54.3167	2	1.91098	3.660954
1081.329	54.33321	2	1.893096	3.677205
1081.375	54.3432	2	1.936259	3.694818
1081.399	54.3532	2	2.009691	3.827924
1081.436	54.37964	2	2.117085	3.963189
1081.463	54.4057	2	2.147841	3.961564
1081.506	54.4157	2	2.160562	4.007691
1081.542	54.4257	2	2.307184	4.089638
1081.56	54.4357	2	2.917729	4.77037
1081.597	54.46097	2	4.163233	5.996198
1081.638	54.47097	2	5.259179	7.226365
1081.667	54.48097	2	6.516436	8.458817
1081.693	54.49097	2	8.456303	10.41459
1081.732	54.51809	2	11.97016	13.98066
1081.775	54.52809	2	13.84585	15.90284
1081.801	54.53809	2	16.36092	18.55551
1081.837	54.56372	2	20.7788	22.66705
1081.865	54.59054	2	23.57438	25.08099
1081.909	54.60054	2	26.80982	28.80546
1081.933	54.61054	2	29.5286	31.64772
1081.96	54.62054	2	32.18177	34.16494
1081.999	54.64867	2	36.60621	38.88906
1082.042	54.65866	2	38.98448	41.54667
1082.067	54.66866	2	41.91328	42.68063
1082.094	54.67866	2	42.83186	44.70874
1082.137	54.70689	2	45.23384	47.22586
1082.176	54.71689	2	46.62956	48.72149
1082.202	54.72689	2	47.24492	49.71273
1082.229	54.73689	2	48.82762	50.76184
1082.269	54.76312	2	50.89185	52.91998
1082.31	54.77312	2	53.72383	54.33858
1082.335	54.78312	2	54.2793	55.23549
1082.362	54.79311	2	55.32499	56.03912
1082.389	54.80311	2	56.43728	56.58377
1082.442	54.81311	2	54.75513	57.22178
1082.469	54.82311	2	54.7035	57.2194
1082.497	54.83311	2	55.10397	57.1027
1082.534	54.86007	2	53.97358	56.32376
1082.575	54.87006	2	53.93444	55.80117
1082.602	54.88006	2	52.79232	55.26288
1082.631	54.89006	2	52.73331	54.76448
1082.668	54.91577	2	52.03625	54.03288
1082.71	54.92577	2	51.93002	53.82423
1082.729	54.93577	2	51.8478	53.72041
1082.767	54.94577	2	51.70584	53.64983
1085.797	54.96095	-3	2.176019	4.290439
1085.829	54.97095	-3	2.113428	4.230259
1085.86	54.98095	-3	2.025771	4.091973
1085.897	54.99557	-3	1.918797	4.062959
1085.932	55.00557	-3	1.85995	4.040349
1085.963	55.02517	-3	1.780856	3.897038
1085.997	55.03517	-3	1.727677	3.817273
1086.028	55.04963	-3	1.716436	3.792315
1086.058	55.05962	-3	1.727903	3.769197
1086.097	55.07343	-3	1.772596	3.842535
1086.137	55.08799	-3	1.799874	3.889392
1086.166	55.10352	-3	1.756098	3.796412
1086.2	55.1207	-3	1.6073	3.71106
1086.232	55.1307	-3	1.359336	3.453939
1086.284	55.14258	-3	1.000971	2.880355
1086.298	55.17389	-3	0.7442608	2.709722
1086.33	55.19117	-3	0.3351488	2.141594
1086.362	55.19686	-3	-0.2893066	1.473723
1086.396	55.20686	-3	-1.117249	0.6374992
1086.433	55.22236	-3	-2.482361	-0.8106689
1086.464	55.24121	-3	-3.527344	-1.942047
1086.501	55.25121	-3	-5.086456	-3.315308
1086.529	55.2612	-3	-6.468048	-4.886139
1086.569	55.2712	-3	-9.135651	-7.688721
1086.595	55.28767	-3	-11.57629	-10.08337
1086.629	55.29767	-3	-13.56821	-12.10605
1086.664	55.30767	-3	-17.25427	-15.56125
1086.697	55.31708	-3	-20.66125	-18.76913
1086.733	55.33676	-3	-23.84299	-22.10864
1086.762	55.35006	-3	-27.23428	-25.48999
1086.798	55.36005	-3	-30.69501	-29.12042
1086.829	55.37005	-3	-33.1825	-31.73236
1086.87	55.38221	-3	-38.26233	-36.72629
1086.893	55.39221	-3	-40.32867	-38.44839
1086.933	55.40221	-3	-44.54126	-42.64215
1086.963	55.4122	-3	-47.03226	-45.18225
1086.998	55.42521	-3	-50.81735	-49.00446
1087.037	55.43521	-3	-53.44287	-51.66449
1087.062	55.45103	-3	-55.86224	-54.04547
1087.1	55.46103	-3	-57.96545	-56.14899
1087.135	55.472	-3	-59.91025	-58.27103
1087.166	55.48537	-3	-60.7648	-59.16345
1087.19	55.49537	-3	-61.26657	-59.67456
1087.231	55.5117	-3	-62.27997	-60.77173
1087.266	55.52169	-3	-62.8761	-61.284
1087.298	55.53169	-3	-63.43799	-61.78119
1087.328	55.54456	-3	-64.15601	-62.42856
1087.363	55.56098	-3	-64.59708	-62.9501
1087.399	55.57098	-3	-65.03284	-63.45084
1087.435	55.58098	-3	-65.96988	-64.56073
1087.465	55.59585	-3	-66.87357	-66.26501
1087.497	55.61433	-3	-67.81793	-67.2832
1087.535	55.63121	-3	-68.74979	-68.32693
1087.566	55.64417	-3	-69.93741	-68.69778
1087.595	55.65934	-3	-71.17703	-69.85431
1087.629	55.66934	-3	-71.99136	-70.64905
1087.672	55.67934	-3	-73.16034	-72.61249
1087.699	55.69264	-3	-73.8443	-72.41437
1087.73	55.70692	-3	-74.32263	-72.85071
1087.777	55.71692	-3	-74.71777	-73.98877
1087.798	55.72692	-3	-74.77573	-74.05374
1087.835	55.73963	-3	-74.86487	-74.12115
1087.863	55.75245	-3	-74.84772	-74.14954
1087.898	55.76245	-3	-74.84396	-74.14331
1087.93	55.77245	-3	-74.78815	-74.10904
1087.966	55.7842	-3	-74.8844	-74.09796
1087.991	55.7942	-3	-74.86975	-74.0986
1088.033	55.80896	-3	-75.09381	-74.26559
1088.064	55.825	-3	-75.40024	-74.51968
1088.098	55.835	-3	-75.67847	-74.75302
1088.129	55.84479	-3	-76.13373	-75.16043
1088.167	55.86554	-3	-76.39575	-75.0545
				
				
				
				
				
				
				
				
				
				
				
				
				
				
				
				
				
				
				
				
				
				
				
				
				
				
				
				
				
				
				
				
				
				
				
				
				
				
				
				
				
				
				
				
				
				
				
				
				
				
				
				
				
				
				
				
				
				
				
				
				
				
				
				
				
				
				
				
				
				
				
				
				
				
				
				
				
				
				
				
				
				
				
				
				
				
				
				
				
				
				
				
				
				
				
				
				
				
				
				
				
				
				
				
				
				
				
				
				
				
				
				
				
				
				
				
				
				
				
				
				
				
				
				
				
				
				
				
				
				
				
				
				
				
				
				
				
				
				
				
				
				
				
				
				
				
				
				
				
				
				
				
				
				
				
				
				
				
				
				
				
				
				
				
				
				
				
				
				
				
				
				
				
				
				
				
				
				
				
				
				
				
				
				
				
				
				
				
				
				
				
				
				
				
				
				
				
				
				
				
				
				
				
				
				
				
				
				
				
				
				
				
				
				
				
				
				
				
				
				
				
				
				
				
				
				
				
				
				
				
				
				
				
				
				
				
				
				
				
				
				
				
				
				
				
				
				
				
				
				
				
				
				
				
				
				
				
				
				
				
				
				
				
				
				
				
				
				
				
				
				
				
				
				
				
				
				
				
				
				
				
				
				
				
				
				
				
				
				
				
				
				
				
				
				
				
				
				
				
				
				
				
				
				
				
				
				
				
				
				
				
				
				
				
				
				
				
				
				
				
				
				
				
				
				
				
				
				
				
				
				
				
				
				
				
				
				
				
				
				
				
				
				
				
				
				
				
				
				
				
				
				
				
				
				
				
				
				
				
				
				
				
				
				
				
				
				
				
				
				
				
				
				
				
				
				
				
				
				
				
				
				
				
				
				
				
				
				
				
				
				
				
				
				
				
				
				
				
				
				
				
				
				
				
				
				
				
				
				
				
				
				
				
				
				
				
				
				
				
				
				
				
				
				
				
				
				
				
				
				
				
				
				
				
				
				
				
				
				
				
				
				
				
				
				
				
				
				
				
				
				
				
				
				
				
				
				
				
				
				
				
				
				
				
				
				
				
				
				
				
				
				
				
				
				
				
				
				
				
				
				
				
				
				
				
				
				
				
				
				
				
				
				
				
				
				
				
				
				
				
				
				
				
				
				
				
				
				
				
				
				
				
				
				
				
				
				
				
				
				
				
				
				
				
				
				
				
				
				
				
				
				
				
				
				
				
				
				
				
				
				
				
				
				
				
				
				
				
				
				
				
				
				
				
				
				
				
				
				
				
				
				
				
				
				
				
				
				
				
				
				
				
				
				
				
				
				
				
				
				
				
				
				
				
				
				
				
				
				
				
				
				
				
				
				
				
				
				
				
				
				
				
				
				
				
				
				
				
				
				
				
				
				
				
				
				
				
				
				
				
				
				
				
				
				
				
				
				
				
				
				
				
				
				
				
				
				
				
				
				
				
				
				
				
				
				
				
				
				
				
				
				
				
				
				
				
				
				
				
				
				
				
				
				
				
				
				
				
				
				
				
				
				
				
				
				
				
				
				
				
				
				
				
				
				
				
				
				
				
				
				
				
				
				
				
				
				
				
				
				
				
				
				
				
				
				
				
				
				
				
				
				
				
				
				
				
				
				
				
				
				
				
				
				
				
				
				
				
				
				
				
				
				
				
				
				
				
				
				
				
				
				
				
				
				
				
				
				
				
				
				
				
				
				
				
				
				
				
				
				
				
				
				
				
				
				
				
				
				
				
				
				
				
				
				
				
				
				
				
				
				
				
				
				
				
				
				
				
				
				
				
				
				
				
				
				
				
				
				
				
				
				
				
				
				
				
				
				
				
				
				
				
				
				
				
				
				
				
				
				
				
				
				
				
				
				
				
				
				
				
				
				
				
				
				
				
				
				
				
				
				
				
				
				
				
				
				
				
				
				
				
				
				
				
				
				
				
				
				
				
				
				
				
				
				
				
				
				
				
				
				
				
				
				
				
				
				
				
				
				
				
				
				
				
				
				
				
				
				
				
				
				
				
				
				
				
				
				
				
				
				
				
				
				
				
				
				
				
				
				
				
				
				
				
				
				
				
				
				
				
				
				
				
				
				
				
				
				
				
				
				
				
				
				
				
				
				
				
				
				
				
				
				
				
				
				
				
				
				
				
				
				
				
				
				
				
				
				
				
				
				
				
				
				
				
				
				
				
				
				
				
				
				
				
				
				
				
				
				
				
				
				
				
				
				
				
				
				
				
				
				
				
				
				
				
				
				
				
				
				
				
				
				
				
				
				
				
				
				
				
				
				
				
				
				
				
				
				
				
				
				
				
				
				
				
				
				
				
				
				
				
				
				
				
				
				
				
				
				
				
				
				
				
				
				
				
				
				
				
				
				
				
				
				
				
				
				
				
				
				
				
				
				
				
				
				
				
				
				
				
				
				
				
				
				
				
				
				
				
				
				
				
				
				
				
				
				
				
				
				
				
				
				
				
				
				
				
				
				
				
				
				
				
				
				
				
				
				
				
				
				
				
				
				
				
				
				
				
				
				
				
				
				
				
				
				
				
				
				
				
				
				
				
				
				
				
				
				
				
				
				
				
				
				
				
				
				
				
				